15.936280580359156,-0.4196779270121843,0.00011535312581978537,0.0015032113189244558
17.911475917295864,-0.42021527665744907,7.347045850946981e-5,0.0016356764452622014
5.971182206059797,-0.4151678973742248,9.684470661763414e-5,0.002242849282856877
5.95838551039235,-0.4151863551147029,0.00012392173700176995,0.0023204044393738015
3.8756506736660423,-0.4135398169006083,6.858087026533711e-5,0.00263103257248817
17.770253502947075,-0.42036915996251534,5.600284292089724e-5,0.0013470516728153689
7.372090641307099,-0.41606977758203606,7.705692450984771e-5,0.0018812515702132395
18.3333610819084,-0.42045371238546053,0.00014132672392879478,0.0014542732358588703
7.59457069374725,-0.41615170670645196,7.552688450024855e-5,0.0019301176132987016
19.54380852544442,-0.42056314848944826,0.00019998367406092094,0.0018171115329077788
13.009571920976516,-0.41878660291199876,0.0001538629034466421,0.0014940202581258093
6.7768824939124,-0.41584091594884076,0.00013186130181342437,0.00218367150239413
9.37672385359624,-0.41694020981647234,0.00021515520553151986,0.0018122293576270589
1.4672346527007791,-0.4115951456827938,0.00031050106017268376,0.00799971345512896
3.731626892834451,-0.41361683301517904,0.00015281209357227143,0.0026602610756215647
14.131846410457081,-0.419134908466275,7.163910619428702e-5,0.0014577748434528126
10.455435763340876,-0.4176652791853633,4.571794779538133e-5,0.0015777757493155068
2.7844695515525997,-0.4126893063926178,0.00013928511829359349,0.003111846294607959
8.354396167857807,-0.41647992772095604,0.00011544801944398108,0.0017929260767048088
12.983694307003917,-0.4188554013532625,0.00011036382670049593,0.0013379110392994838
12.242602705425858,-0.4182865996142566,8.995198000375888e-5,0.0014777500718180854
17.5218955112259,-0.4202065852269181,8.683207179200019e-5,0.0015133969275771416
10.480989315326006,-0.4175587063422012,9.462549906751645e-5,0.0015448205260427182
14.773932400653038,-0.4192350050440531,9.096476833167188e-5,0.001375344994571372
9.125094241344428,-0.41690369849450676,9.271086440365374e-5,0.0017576442890193508
17.78665073262591,-0.4202943248977678,6.664128854563141e-5,0.0015403073934745983
2.794369650250151,-0.41302767247857064,0.00023271862494915718,0.003314468402467601
7.52508964240027,-0.4160717578496069,6.5826407275193e-5,0.0018656756495213657
5.001382817914303,-0.4145147946505013,7.905775441656737e-5,0.002100933012304807
9.273848609048592,-0.4169591865221332,8.490021395180769e-5,0.0016920214604741934
14.582754633335856,-0.4192392357808058,5.9237997940727804e-5,0.0015105233445851368
3.321533971813005,-0.4133996623245246,0.00017850907988755844,0.0029909944151175556
14.862906072053402,-0.4192735549613713,5.509047412347338e-5,0.0014238892806082621
19.195998276468657,-0.4207051409558893,0.00011196904351068002,0.0016756292903824827
11.575160344388623,-0.41808742741319876,8.010363579618006e-5,0.0014254120383317703
4.608188661243527,-0.4143518577310082,0.0001250320393341864,0.002314015706799254
5.192522631718088,-0.4145485587802079,6.278869086775762e-5,0.002203448382362168
11.37574576237783,-0.4179251913141474,5.500646731304458e-5,0.0015419959610902029
13.057280307571943,-0.4187530136594486,7.423914065787767e-5,0.0014172468314210044
2.22078619860143,-0.41236412500151265,0.00015841980262682015,0.00419394036571658
6.856940205500095,-0.4157376807675817,0.0001922162359812225,0.0019664236383455033
8.207414539419341,-0.41637257916678433,9.466535737969798e-5,0.0018072481986224625
6.653594120352179,-0.4154824640356619,0.00013179226170906695,0.001995220332103746
8.563686031158987,-0.4167226934738303,7.082140948980108e-5,0.0019179567584949743
12.945376029902096,-0.41837541641507836,0.00022448447044547693,0.0015050169263802471
12.93833612395979,-0.41871973777765903,7.813289993391012e-5,0.001441831515306628
6.761267435877675,-0.41552223482978357,0.000192454429600652,0.0021822082979256643
17.685705972346604,-0.42018423206511624,0.00014319902071997461,0.001597874386765933
4.083869940350992,-0.4139688310550703,0.00012563310550648419,0.0024808904079499598
11.588713680068805,-0.4181173665305593,0.00012610085801537097,0.0015302389217340113
18.030850829477597,-0.4205515347395666,9.081320660116425e-5,0.001363007843637507
14.558794392573652,-0.41918929828329976,8.48016048647846e-5,0.0014922631451225864
6.774379068275033,-0.41554547347022375,9.690311579875783e-5,0.0022168826953080745
2.5942919874411365,-0.41300880094109127,0.00018378362178082152,0.0037425049659726042
16.36757222517886,-0.41987012587489275,9.352900811192596e-5,0.00135894391588819
4.932444784252144,-0.4143810385410117,7.258375160289965e-5,0.0023360251184301488
4.163320444630066,-0.4137181301787188,0.00011191387870446725,0.0024701828135377264
8.264283351074173,-0.41647429470853237,8.414960967079808e-5,0.0017897713964113247
19.80249796335303,-0.4208444791105297,7.446016331319117e-5,0.0016972194645623003
2.805391091040066,-0.4129681234641668,0.00012672319906066216,0.0032444825944367684
8.014173719264058,-0.41640201921875625,0.00010671611057166088,0.0016834918146961854
8.617078816678033,-0.4165980493718584,8.793345551303289e-5,0.001800571193700264
14.97152441316516,-0.41948044881502916,6.589614134517289e-5,0.0013902918635506443
11.420838288073007,-0.4178760059250673,8.758588885771624e-5,0.0016332512501246448
14.737424152430311,-0.41929960607062383,8.31425066444472e-5,0.001453679356621521
12.509108672316062,-0.41842068132853766,8.90373490243056e-5,0.001512885697210034
7.580040957196421,-0.41610959156081034,8.897838336960176e-5,0.0019636564694575187
9.602912606682978,-0.4172179501893734,9.848879481387236e-5,0.0016588694611156779
5.980383338303584,-0.41519804976660774,9.399768191624067e-5,0.00204120642931805
2.0335303414196053,-0.4121847329642745,0.0001250203277080649,0.0046833825490548405
10.087623255644884,-0.41739270862403294,6.606869771566826e-5,0.0016652550625755045
11.868792665461768,-0.41816883793422877,9.676775939146615e-5,0.0016167156510007042
10.211924633609774,-0.41716470456425064,0.0002436520647900591,0.00204197042162575
5.564354069714245,-0.4148244163831516,8.451626639175592e-5,0.0021931114522791713
15.182394556284459,-0.419575428571213,0.00017243197659878634,0.0014135716836290398
17.978760983477983,-0.42044792454258323,7.538903469611011e-5,0.0014168094636403496
16.65291285865913,-0.41985610390986233,5.47730655427438e-5,0.0015170463218097737
7.2692964126142385,-0.41593208720312214,9.147188468203758e-5,0.0019458299493378063
18.91012111523442,-0.42065864764669336,0.00010604641502844373,0.0017198718810772227
11.256826090574835,-0.41794718857498686,8.19293388569829e-5,0.0015909133482827264
1.6258385917081533,-0.4118554080479822,0.00027730244810661664,0.00695765023604875
12.176016856282958,-0.41831697749179897,5.260099476360515e-5,0.001594679475604555
6.761145808388805,-0.415556243475208,0.00012138638353539265,0.002255946435803983
14.255488877510947,-0.4192123307158215,6.005757720507095e-5,0.0013945965598764468
6.66345196441593,-0.41562054359196215,7.945711457687438e-5,0.0020329172120746647
11.227489070866419,-0.4179505038281619,0.00010665460867654104,0.001496739980448988
16.338628905964523,-0.4198644263645344,6.728382051738952e-5,0.001376428854020973
18.124963143610287,-0.4204634094037031,7.765283591709712e-5,0.001452826669474361
12.621649548673856,-0.4185764517392559,8.15678592756079e-5,0.001470779380389259
14.969603814605565,-0.41943625352045233,6.038098234218073e-5,0.0014464115066058043
1.8541727175698028,-0.41199129482897795,0.00023258032953410787,0.005560283705613854
19.714389480212954,-0.4207489270702445,0.00011718034053497234,0.0016457991485406746
5.84354309855985,-0.41520207574331813,0.00026974331851055937,0.0021233591382616305
10.081811614445725,-0.41739412626073513,6.498875831287385e-5,0.0016659071587592194
13.616325399898106,-0.4188396194530402,8.88571372346186e-5,0.0015556228693600176
14.94767528441517,-0.419425092720329,0.00015885682241509365,0.001462470080154863
18.162493840337365,-0.42042028630941336,6.959097425635654e-5,0.0015524584608907271
6.338186435138919,-0.41533540123298657,7.08804256837062e-5,0.0021184405582442226
5.733409077559063,-0.4149856096796124,0.00010945606345696604,0.0023225905434777895
15.194425544947508,-0.4195100165002119,4.450377317443635e-5,0.0014819168955787076
16.720654104088005,-0.4199600502417495,0.0001333343326861312,0.0014636297588178169
10.48413993075341,-0.4176185887131606,0.00021152501878978728,0.0015489017975073376
11.540375483057757,-0.4180581378910242,6.047412564245636e-5,0.0014446490023798033
10.473370404961589,-0.41750318867754715,9.137278611049214e-5,0.0016076293797562511
8.389093945382232,-0.41645731658066126,0.00019179699235593413,0.00200783315977906
13.219562948839453,-0.4188199668600921,7.137157551957528e-5,0.0015461916817595173
18.82295530894232,-0.4205471552769981,0.00015194464330970135,0.0016827280823065848
10.937533032882735,-0.41778882042798093,0.00010696074294102265,0.0015387831533693642
12.359626387401228,-0.41838553978775167,0.00010555481940036502,0.001499545009152025
6.901622764250212,-0.4157059317023663,6.348925267490539e-5,0.0018707459115671575
8.151102955374567,-0.4163460990787992,8.802270778172335e-5,0.0017620581674173163
18.235479188218974,-0.4204690547859449,7.897022257150586e-5,0.0015597721967218975
5.085746483063228,-0.4144451533987642,0.00023606390458430252,0.0021332747979261324
9.728863558304038,-0.4172894153615503,9.292572313099361e-5,0.0015878619390343534
4.678233890673324,-0.4142484157926551,0.00012623342632945404,0.002354300298377439
17.299348365599837,-0.420198317720522,0.00011186051717169787,0.0015025264825834785
11.787144556749544,-0.41810583297065973,5.598787066121663e-5,0.0015477711658536788
2.1075830613320834,-0.41214799931144214,0.00012116829666846183,0.004530494176881074
3.4791538812206912,-0.41331986531568027,0.00011022917988210809,0.0029444914622969564
14.892442832439308,-0.4194004911567951,8.092819090696311e-5,0.0014077216459972412
15.812571067638483,-0.41949473270765325,0.00019068543321903498,0.0017260355372835023
5.168285685887421,-0.4146456848063452,5.715568215714506e-5,0.002159404740873128
18.798741511275217,-0.4207006549632602,0.00012044600531439945,0.0015145139330432092
17.576708941603197,-0.4203719390261724,7.215842326437733e-5,0.0012922950180716823
15.375091172119255,-0.4194577092855869,0.00011258842310997315,0.0014815270190264057
3.0456718684266644,-0.41314519246063164,0.00015340129874342017,0.003092821905977766
3.2104353313853062,-0.4133201911898379,0.00010011859439064927,0.0028059725032770185
5.574079411650329,-0.4149362184900431,6.918285667834071e-5,0.002169063216093738
3.3530098331884366,-0.4132632179167778,0.00012958131412810938,0.002862372891446871
11.67155861728694,-0.41807290020382293,0.00010866982293819891,0.0016861777059563987
19.139693855910267,-0.42051143850216766,0.00011391625810554785,0.0017216767011170489
19.916084538999606,-0.4208948073309087,7.06007694220701e-5,0.0017423784292714916
10.256892474480482,-0.41740131254879975,0.00013042534957453171,0.001682971807869181
15.841546532307083,-0.4196922982759283,6.0879573780136886e-5,0.001496035495830851
7.5389130858771285,-0.4160700645255529,0.00019876675996822319,0.0019503132278651898
3.15821064911448,-0.41326508852897054,7.381009508604658e-5,0.00291122089493674
19.197576068030486,-0.42086258251484293,0.00014616090899947855,0.0015952082291450732
13.321155395625617,-0.41872201926092834,8.647022052172918e-5,0.0015175598282415762
6.369366296188218,-0.4154404333062309,7.451482099087982e-5,0.0021492914157804867
7.3661120378713285,-0.41595624002182235,5.132351884309044e-5,0.0019314503759395585
19.971096133602497,-0.4208508648881542,0.00011650987054755717,0.00186389924278477
19.038012457034192,-0.420551653085644,0.0001032019990064456,0.0017143091455615123
8.806901964106576,-0.41687601893854276,6.976100231642895e-5,0.0017036027105065434
18.83712584622304,-0.4206061370667352,0.00010884764123469603,0.0016092681007115423
9.885622272093824,-0.41718141015943255,8.290156348458949e-5,0.0017428352480114344
9.030657206498422,-0.4168662650743104,8.335271102264702e-5,0.001671748211544934
12.767748354782357,-0.418662484815608,4.087530562707242e-5,0.001356035421121795
3.3323146000154855,-0.41317116639479606,0.00018912973796351138,0.0027704505679286965
17.818237709970887,-0.42048846830290576,7.325322043213308e-5,0.0013959379555605717
14.489342536687321,-0.41929593207154203,7.337320821924415e-5,0.0014019630752070793
16.783275398185424,-0.42013730610377736,8.274450197633195e-5,0.0013618797376808837
18.373065217530105,-0.42050505707301905,9.604383665267955e-5,0.0015053978224323643
13.972793201504901,-0.41891069773005346,0.0001322707965358582,0.0015727089595960525
7.4044993722015855,-0.4161389699125532,7.643138887998457e-5,0.001879957070477206
15.32687072949992,-0.41938459984208665,0.00011119117806038543,0.0015499253883016876
14.371404502017665,-0.4192058195312618,4.807128445210418e-5,0.0013956203832826259
16.704878469318558,-0.41987418288701167,0.00018360463160638522,0.0013354526104310187
7.850107006339336,-0.41617605307015537,8.1731575622818e-5,0.0019497462014423062
16.87346114411129,-0.41997638996681275,0.0001639203669968363,0.0013469817831691824
17.548555444370535,-0.4203732419901042,4.554391548414863e-5,0.0013531538694225122
11.340151689344502,-0.41797007581917783,7.491738438321009e-5,0.001609357756302243
3.06557130273681,-0.41300290706985954,0.00015248394631860605,0.0028978442811873352
7.699453769291097,-0.415990073883434,0.00017146048415927784,0.0018220745381644012
14.262206649356289,-0.4190716897494218,6.611040981980109e-5,0.0015296182453077805
14.977894005426098,-0.4195842199203354,0.0001763135021078599,0.0013949958013813953
5.837713650111298,-0.4151087320005558,0.00010664129488398683,0.0023258459434592604
16.309528511922117,-0.4199312454601483,8.438538060858398e-5,0.0012871248804359528
1.191258185778676,-0.4113278179957598,0.0004096299357325887,0.011340535198742141
5.992252177515588,-0.41503344973848216,0.00020398259708108855,0.0023758333676139765
2.0855783295649557,-0.412444861905713,0.0002732365960816813,0.0046284388062589775
13.579045541876456,-0.4188454587505814,9.275003066941917e-5,0.0014866603513611217
4.909922318739953,-0.4142464718083897,8.036370920343684e-5,0.002306972790881993
16.120265527968,-0.41984369728867116,5.85339467859243e-5,0.001500849723737821
2.609248275459279,-0.41272847450050687,0.00012118437902412072,0.0032715850245732692
9.571569745954381,-0.41715858766172975,6.49331934817078e-5,0.001688632467429605
9.276531427051111,-0.4169266288382687,7.857915990143677e-5,0.0018058108948778792
1.5683350420422597,-0.41178575723143607,0.00032314814612951874,0.007160556725442165
9.387302310375922,-0.4169313265216034,0.00011458956087860332,0.0018201534630040252
2.725210786164607,-0.4126615862424991,0.00017091681074671546,0.0032280373445451164
12.65753540109987,-0.41852653847058724,7.74676764823655e-5,0.0015112008192272714
8.498205648691448,-0.4165395936754123,7.179305521505077e-5,0.001727097088639138
3.873359443990019,-0.41364605354720535,8.659379957027237e-5,0.0025563357838042796
3.281550093248308,-0.41279475739717764,0.00018941002473408603,0.002921184396613537
9.866009208126613,-0.41724363599764885,0.00010356791420484771,0.001615519298021024
10.808499697085992,-0.41754535660228237,0.0001101600108153873,0.0018171141900557184
8.790124233330879,-0.4167562928421751,6.566250790422272e-5,0.0018529527788494924
17.002033943442065,-0.4202438318261519,8.460560667305493e-5,0.0013053498856374225
13.681724745021091,-0.4189427326823937,0.00011477758298061371,0.001443854515301645
1.9123600283734812,-0.41189892763572794,0.00016916137554817107,0.004984475908418994
3.5787797140835744,-0.41339612231947126,0.00011994466704598395,0.0025375879295996898
6.236846394343728,-0.4153737206855393,8.552419501960069e-5,0.0021555897726247032
8.970697354549255,-0.41700017793166105,0.00011841670744685758,0.0017813584403271005
12.706433620928543,-0.41845889112048834,3.980601974216839e-5,0.001567628396142132
17.72219963418699,-0.4202536424213985,9.128972720920548e-5,0.001458441216887234
15.769134004459373,-0.41965896844229233,5.1712649417865704e-5,0.0014277710292607785
7.644807332780394,-0.41614437932489706,0.0002093894501907188,0.0016016504086682505
1.6057789354352803,-0.41177531333895834,0.00020658789218554616,0.00782084724564672
16.097621528373246,-0.41981188219288,3.68919475907314e-5,0.0013510492356943837
7.822373822350294,-0.4162616500143706,0.00011379450602868045,0.0019234023245335683
11.118085994178042,-0.4177633683689917,6.750631031380039e-5,0.0016135838382549859
8.369726049096876,-0.41634607766368786,0.00022855889761296338,0.002003116317782619
12.460176313102632,-0.4186170718571611,8.415298630417424e-5,0.0014026175534884615
12.54577929346021,-0.4184665302276814,5.653751671596094e-5,0.0014810981253315664
9.882415314326497,-0.417300187720628,5.0510012466185835e-5,0.0015909699979539547
17.54961235124833,-0.42029987725259427,7.472052766089684e-5,0.001309896126193984
7.376024665402105,-0.4160025705131897,0.0001251672703633605,0.00209971200976039
6.308363456797948,-0.41534765568262866,5.058599222340898e-5,0.002276087357767768
13.478311553873217,-0.4189095320548566,5.806966401173899e-5,0.0013368739570020925
10.965030486170148,-0.41800892999571915,6.840429780728486e-5,0.001371592515140169
19.692233941224803,-0.4206689997324547,0.00010552422606751738,0.0017589055696855943
4.913491110225717,-0.4145192232148521,8.2910756898447e-5,0.002223480217781359
13.30722869586428,-0.418793134984881,8.76533293367264e-5,0.001455833994882962
2.439832092750387,-0.4126196787720418,0.00013815510619956148,0.003713782099801208
5.240227091341872,-0.4146020109975284,5.8819372915180907e-5,0.00230676529856527
16.657999053214475,-0.4198867523790593,6.611622491629029e-5,0.0013876451611555575
13.603724290438285,-0.41887711795436283,9.892810531500982e-5,0.0014815078176085102
12.407486600478045,-0.4184575086268331,0.0001056197964963678,0.001498830974391996
3.1127916206412864,-0.4129847460368686,0.0003060708320673672,0.0027483396245484245
18.0036305892539,-0.42033802133010006,0.00010229998878902171,0.0015186957612235159
7.061860062670931,-0.41579689612551435,7.056273902862263e-5,0.002038511236454447
17.27340971408433,-0.420210227976503,6.78872208456946e-5,0.0014289520153332612
17.760975708903803,-0.4204056731058615,0.0001079635325714824,0.0014381375403113477
11.123652865699285,-0.418017792133133,0.00010747496722291144,0.0015265477398796435
12.968495182598664,-0.418600119850395,0.0001576806260737606,0.0016398826955568823
7.584451288466922,-0.4161886015105113,9.637599977718088e-5,0.0017535453651266188
8.995949411379545,-0.4168601199299655,7.546175357253134e-5,0.0016695626842490319
19.931426511761238,-0.4208882778879634,0.00010424861845940865,0.0017365523263862899
4.252501752442898,-0.4140952310061673,0.00016067829420129018,0.0024404385704403135
13.439371154651079,-0.41877574617663826,9.581299721942545e-5,0.001560112800529729
17.670461668733164,-0.42037128064134716,8.351860810232267e-5,0.0013632213437890842
7.084230119829419,-0.4158152554418353,8.462232483361297e-5,0.0020669482811325733
4.778878225358496,-0.414298357753184,7.377559307109609e-5,0.0021967885281408577
13.921920873261234,-0.4190292310933158,7.49512580768878e-5,0.0014523871981252598
17.538554459452232,-0.42042734314550795,0.0001100044527849906,0.0013954176668868972
12.20949651739666,-0.4183102149388446,8.0833664846277e-5,0.0015681130099609842
8.161222358111292,-0.4163409968255574,0.00012044848173352119,0.0019400593577862488
1.0469804872784005,-0.4111806428396879,0.0006664149326861866,0.013502136147427285
7.65820065820088,-0.416042530957565,0.00023874897983552082,0.001786574092199849
7.000809541435696,-0.4157463326435431,9.118442697364749e-5,0.002128155864207314
1.202625525927106,-0.4111091016110408,0.00025751259403172105,0.011134907851897479
12.515439010543963,-0.4183973948037331,0.00012223075653022245,0.0016298957989846427
3.7559004851024635,-0.41363038652053274,9.614248571099836e-5,0.0026488348052409265
5.675528497588633,-0.41527783397158974,0.00024487953320162205,0.0023289376826479977
15.089413022683157,-0.419424683452858,8.871398796121193e-5,0.0014534135113768059
5.09171271279515,-0.4145313086742331,8.17139742010944e-5,0.002316495076093137
5.217853084002127,-0.4146987566314037,7.954955339378306e-5,0.002106800508590795
1.095217416388476,-0.4115518607242345,0.0007043023553074254,0.012533529229577163
6.470400338716805,-0.4155242095561012,0.00013234705186980042,0.002148416302872184
5.029768369037972,-0.41457043917264114,9.104794189888741e-5,0.0021615150583778105
3.3481929455355566,-0.41327041167732587,0.00011330543037439632,0.0029231672389669243
12.969746183000389,-0.418658339433808,6.801818206919282e-5,0.001498007182496309
18.241744380557268,-0.42053749009034946,8.752472145635818e-5,0.0014576218891062841
6.027135550982802,-0.41515715707930284,0.00013515168135431872,0.002251317869560605
8.942837583810533,-0.41680019153252457,6.144033555977767e-5,0.0017300805844075802
19.266682967861716,-0.4207655979367593,0.00014193293362339742,0.0016211513394024288
3.8337169102736617,-0.41358431127068485,0.00014522623710678184,0.0026608270171197333
9.45932390256671,-0.4171925482289355,7.048113755776572e-5,0.001653530594769192
10.431351199434559,-0.41763156674641305,0.00016469086853791625,0.001660424897401457
18.285099613833935,-0.42047595046619557,7.391857601752352e-5,0.0015102605119080973
14.875790077821826,-0.4193635028263672,7.917381998862478e-5,0.0014063587515919598
11.573566941788888,-0.4180750451109642,0.00010857901833128665,0.0016272259613396155
2.6500998601997727,-0.4127926281423289,0.00011567423101198073,0.0034365595601849905
1.235221121528108,-0.41186143022139743,0.0005322245698624068,0.009891558281648723
9.677922260489296,-0.417259961953252,7.396622714295289e-5,0.0016515047921470513
16.726278360449392,-0.42005288173768224,8.013803136922118e-5,0.0012733337107379834
9.228851142592065,-0.4171394322606555,0.00014674584175123565,0.0016577809916002227
18.89750688387687,-0.42072468707662847,7.744902458919456e-5,0.0015164235247888194
11.236198016846604,-0.4179993077572065,6.792355105674931e-5,0.0014980168307917117
4.690769179146469,-0.4142545090663031,8.58426668028925e-5,0.0023112768608513166
6.214191260994873,-0.4151736234726355,0.00015629010134058036,0.002341127235109055
10.281500961016622,-0.4174349188063625,0.00011330265781746392,0.0017223246002016869
18.89353834411658,-0.4203593715245475,0.00016044485963445543,0.001783798287870616
8.073849156718286,-0.4164320005910044,8.605410765618457e-5,0.0017639766677921924
3.600681622274924,-0.4135447658053518,7.976751265134712e-5,0.00265861697880614
2.9180404990034496,-0.4129358299623558,0.00012961583344425347,0.0030198597059924235
1.2721541846992266,-0.4117907403664708,0.00035643404768805607,0.010131344688737106
13.449920579677368,-0.4188781166846713,6.712017604825427e-5,0.0014360936078097165
4.750850236422565,-0.4143732566087105,9.482619217958724e-5,0.0022132606937887364
10.548251532930738,-0.4176367548949014,6.202504223131093e-5,0.001635643985850935
14.767058391771346,-0.4191730824008864,0.00010749382593371545,0.0014052620997141994
1.9953199352183475,-0.41206064945883175,0.00020263818071557856,0.0047240331734566465
17.900512140563155,-0.4206494242608879,0.00016383394043804753,0.0013187225241523555
18.67148655202103,-0.4206890801133531,0.00010579177778105257,0.0015000571510573623
12.178004819369892,-0.4183104005331664,5.839865457087795e-5,0.0015080159465572461
2.389988024131778,-0.4125957910022442,0.0001244888094040195,0.003919877487373551
6.403259180722451,-0.4153583414779768,7.457204967366869e-5,0.0022514411416632773
9.490602974444977,-0.41697020894089487,9.457942937798495e-5,0.0018456715110076948
19.23064341692254,-0.4210123158909951,0.00020946671809402394,0.0015496778259097008
11.471932381132032,-0.418108297208431,7.882085234988325e-5,0.0015837391923153913
5.168728250003794,-0.41450077669840335,0.00014193481757632226,0.0023615436830064364
12.402661039301062,-0.41840528169382174,9.972615672836642e-5,0.0015437414698432756
1.9283792953211871,-0.412104737690218,0.00014975054337174656,0.005344997986281064
13.216825414509735,-0.41866243112527024,0.00013137523780203775,0.001461682907314391
1.3623696303664414,-0.4110435531081203,0.000351421602325789,0.008876453158990353
5.92839500033021,-0.41502048968205796,0.00010678128417846354,0.0022609209169184683
4.408347890443194,-0.4141308810991213,5.741529586773612e-5,0.002271068336539181
11.971653697692961,-0.41830046174924995,7.138670672799718e-5,0.0014063228817103282
18.15733039959096,-0.42036425483121775,0.00011522306642009694,0.0016406450497319274
14.437154959950107,-0.4191819621284057,6.463962834728272e-5,0.0013854588822919927
14.010924554593048,-0.4191065480448498,8.187401209679561e-5,0.0013836168378890542
7.5687278023258795,-0.4161329695738002,0.00014696191917336603,0.0019502706450193552
16.72656551526386,-0.4200282349832776,8.663852874210311e-5,0.0013222376445155102
14.300836818045113,-0.4191863351306928,5.770087538244027e-5,0.001435352104404119
12.049180887843624,-0.418304459925279,9.139950073424036e-5,0.0015113382057345595
16.45198616464596,-0.41989291811653445,7.852610942155576e-5,0.0013983668279314591
1.9226468851763128,-0.4120124667408779,0.00030207283541472743,0.005225374650540877
14.836726777876642,-0.4193264065159241,6.564362037945151e-5,0.001496273533950048
18.87464716995728,-0.42079732127069225,0.00014331796583370174,0.0015524959990497421
2.24013044404011,-0.4124863088240564,0.00023173474841509467,0.003928278341505988
11.238797871458441,-0.4178861363385307,0.00012381824133802084,0.0016362362412662282
13.747319082061974,-0.41890994475894383,0.00010139087805579053,0.0015474936876983905
7.329550428164896,-0.4160539916285293,6.264499818111444e-5,0.0019102036596084558
12.086030861173857,-0.4182975764537594,9.822546244257027e-5,0.0015156765921092562
17.82514845150207,-0.42035341674569493,4.948149813465427e-5,0.001393838266273828
3.4482110867519338,-0.4132981458007917,0.00010027607521830675,0.0027679434919504454
8.325829307463046,-0.41659054785873917,0.00010623457746837593,0.0017229581591452537
5.801377210967759,-0.41504529243577903,0.00010191631291066048,0.0021864693519334294
12.58156889983785,-0.4184946028517249,0.00011752248539580732,0.0014591998453015855
11.732572629705038,-0.41815955389352083,6.832096672161404e-5,0.0013459425204607387
4.454282807375478,-0.41412959450683773,9.231513921876752e-5,0.0023400076401662467
9.420543138623216,-0.41708466881270645,8.885473706456646e-5,0.001722363897884829
11.446738324612069,-0.417921096818054,0.00011818197744082053,0.0016657127179211017
4.27392907650093,-0.41378533878079143,0.00030644480874173196,0.002384239571012668
1.4149162716670105,-0.4113053371977973,0.0005103787017428365,0.008623815813260834
8.379275604483064,-0.416465253707062,0.00011632406608936507,0.0016460243532923232
18.621111748386248,-0.4206966381361697,0.00014306624248966402,0.001503605089200353
13.984813918790373,-0.41898480926210163,8.252188069778971e-5,0.0014453575347015708
14.08314076981781,-0.41902929803039024,0.00012640158854462593,0.0015295969906404122
11.618365729475268,-0.4180071323811288,0.00017362650904792273,0.0014830818212277093
11.628007770164327,-0.41803317475220103,0.00011520043371328025,0.0015642617789789126
4.970232749523271,-0.41455564170101866,0.00011526482297820524,0.0022625589757795583
4.688885916996998,-0.4142811835158072,7.095468775606678e-5,0.0021786355533979576
5.383588467512939,-0.41473628334964474,9.963668921689943e-5,0.002327297311639655
9.928627866231281,-0.41752063262379363,9.625873749583424e-5,0.0015992454213319153
2.8527758727518564,-0.41298034311264337,0.00017866850630227516,0.002874214121078778
1.143428281101231,-0.41119209838514026,0.0005554419082684521,0.012003267527188987
5.436879478439805,-0.41486602670520356,7.582005635673874e-5,0.002141756596788021
4.149180714331996,-0.4138800282821014,9.570664645969289e-5,0.002456575736072517
1.0616172230610035,-0.41026818107287144,0.0016116537109657182,0.013869223306088642
2.708836060636658,-0.41283421488538774,9.322141048384687e-5,0.0033512992253975408
17.6167824566224,-0.42034621014728524,9.934028565655525e-5,0.001439983770424604
17.7854458983584,-0.4203830243362254,4.4306740801983835e-5,0.0013582553172957902
18.554869232297627,-0.4204941258411711,8.675991671439996e-5,0.0016520420378656662
2.553661763600605,-0.41273300582837547,9.976136785354681e-5,0.0037493610003774265
15.760137246810867,-0.41976941869417,6.534368898409439e-5,0.001371962520221768
3.3807867630220194,-0.4134267318345766,0.00011746270614278188,0.0027470363090410996
6.894872164138973,-0.4156900027965484,0.0001070249104365622,0.002177917844690739
12.509598022507987,-0.4184375312542544,6.192747208708571e-5,0.0014689182793228368
2.9957398975164518,-0.41296991597953064,0.00012383068013847165,0.002818945170930325
15.51311947052447,-0.41961967343106316,0.00010502875811245542,0.0014756421559940234
12.746711923963314,-0.4185308446254213,8.968088907588477e-5,0.0014275827624888342
7.333059293039853,-0.4159791962618887,8.15857334683713e-5,0.001930545092306853
8.74034823443745,-0.4167443973427631,0.0001136461968099225,0.0017041820870227387
19.92007082167815,-0.4208418296097291,9.512153413496769e-5,0.001742244332561525
17.619499186458242,-0.42023073064935124,9.980914197541823e-5,0.0015153100151131238
16.240973684318668,-0.4197551927790172,7.649988214174961e-5,0.0014657527628301188
2.575114704855255,-0.4127685298753677,0.00015800538935776786,0.0038105020182301694
5.3220186448020685,-0.4146624022069859,0.00014456673105377153,0.0023765331316644876
18.845515804165533,-0.42056038729155887,0.00011999360402475755,0.0016545816851427624
5.009725949234646,-0.4146048022645078,0.0001166042753115932,0.0022714262406249948
7.4319115079286515,-0.41608563925526476,0.00010382212996488996,0.0018372786305999415
14.884378227391716,-0.4193063030300234,8.790992021152165e-5,0.0014577037051635728
8.844633694525198,-0.41687354497747686,6.459514873025575e-5,0.0017200564883954885
5.847833508365983,-0.41500519878747766,0.00014021591929757167,0.002334198736806702
18.77831005289474,-0.42071603678049563,9.007610470144391e-5,0.0014897033977089424
10.938997361214483,-0.41777134180587117,6.161803868660654e-5,0.0015867151041331349
4.23056394385844,-0.41391217421988846,0.00012850933674009285,0.0024739009953373818
5.187094640585219,-0.4147431705598593,0.00014010203668294926,0.0023536285031718978
14.324658015708563,-0.41925018788937746,0.00013965377351894163,0.0014843612599893575
3.1911689122239397,-0.4132097390716514,6.961803744782981e-5,0.002792656710852239
4.800283206278232,-0.4143922619379553,8.524109526754204e-5,0.0022358452240331477
4.197453740772852,-0.41396638498363064,0.00012009642257623785,0.0022822242928793525
4.219899466667391,-0.41408929035044856,0.00010267541662946097,0.0023041760853721505
12.844803313942172,-0.41850740521954843,8.620924506766108e-5,0.0015158813014753475
6.518095251229069,-0.4156172397485575,9.806799446112652e-5,0.0021242555397956242
4.902678124717388,-0.41451690212692516,0.0001281557284394138,0.002179191868073863
10.00947743671108,-0.41727490374248,0.00013148448004869293,0.0016559527065524255
10.103647984562864,-0.41732378015185506,8.609834104212167e-5,0.001799949515735837
19.29931428416931,-0.4206560805560129,0.0002036035526176332,0.0017253430307742758
17.907928057982076,-0.4204479624916732,7.749054679593089e-5,0.0014186243726246903
13.608216714549577,-0.41896984341294713,7.712258917416201e-5,0.0014173248477517516
5.215374856852573,-0.41468218529904616,0.00015536364075907633,0.0023656807613880973
14.885368845056906,-0.4193191004194966,0.00011373254083679203,0.0014086322873598902
15.6548336021431,-0.4194951652893877,0.00010861872110575539,0.0015008006739324537
16.265764108507014,-0.4197085180940165,7.412484240266711e-5,0.0015967680523695114
17.8964686331677,-0.42026024869835216,0.0003795691239613757,0.0016028966231080148
18.16933831564968,-0.42036146924062584,0.00012692833143477283,0.0015556111894797376
3.6468470888327307,-0.41353412273235957,0.00010960356062867504,0.0027555804491058845
4.929023552963129,-0.41453885738017554,0.00012091434978277978,0.002276680609183671
6.584824667715691,-0.4155520797700959,0.00010147727292035943,0.0020633829719567173
19.547368543898365,-0.4205549300204393,0.00010497227541975693,0.0017879812196711384
11.582679142439634,-0.4180872775422952,6.015509792724005e-5,0.001534962772981242
5.520378761520323,-0.4148125773571835,0.00013027732056759053,0.0021838610705728323
9.91910238756952,-0.4172404674585151,5.072195881893792e-5,0.0016597043997563243
11.16165924592172,-0.41808812485620755,0.00015801834267742474,0.001547614206694682
2.7961324879569562,-0.41272327925385194,0.0001649883458332764,0.0030882516051001616
4.11505896835667,-0.4142576648331919,0.0004322578344408557,0.0026646686107418206
4.630411491767896,-0.4143108449923219,0.0001610139570096411,0.0020738585507489807
9.402831928587652,-0.4171299448500904,9.739291563891692e-5,0.001717849649808406
15.114465969053931,-0.41935531212554167,7.008139278602568e-5,0.0014777583835658668
