16.332806542952667,-0.41991333950129006,0.0001171457701463053,0.0015230059508885615
8.531289674455486,-0.41677956585465625,3.7080320972100905e-5,0.0016779229485265291
17.689963438574356,-0.4205854128226951,0.00016512000587600207,0.0014581786679507306
10.260638829007496,-0.4173655675929401,0.00011520279343321813,0.0016873743481576444
13.759453899046393,-0.419044803042487,6.784681229534149e-5,0.0015866781639237233
19.415116715194408,-0.4211053798569979,0.00015309269291658958,0.0017103687277253091
7.011975245420507,-0.4158665841296272,9.715796916554756e-5,0.0018686436883840333
16.058909154300217,-0.4199003664574793,6.547621117500167e-5,0.0015040937219750804
1.6754517914660396,-0.41204805188545,0.00015143760163891833,0.004475557657604122
3.812155473295155,-0.4140245472972734,0.00038363782126703066,0.002872051638770605
16.13294023377635,-0.420084792459816,7.019429941047588e-5,0.0014556104392817026
4.729734185224982,-0.41439239497838176,0.00010028652818991919,0.0026068137082772207
6.749173632428148,-0.41563081315902006,8.952545197530284e-5,0.0019309624374886207
11.674184076892988,-0.41823944821991776,9.6115315870464e-5,0.001561940148051992
6.509311827137672,-0.4155966740013277,8.901427203926309e-5,0.0019397221272482018
5.392154721446049,-0.4149713524656311,9.009722801975285e-5,0.0019910824145076083
17.94082886313281,-0.42035614678635114,0.00010533663028934626,0.0013772528051355292
18.433671205765073,-0.42074986520004165,7.049649255904452e-5,0.0015379799163715412
1.36192726775939,-0.41138851380080366,0.00010518657657189277,0.005170597486537495
10.745409661584493,-0.41775516100903315,0.00014018280242292458,0.001632963238871127
7.074429322296518,-0.4158296975426936,0.00010160874881140647,0.0018294856471147494
1.31746450857971,-0.4112828694732939,0.00037449407070632064,0.005450147410717538
3.2374709396445436,-0.4133157346747401,0.000109665995779553,0.0027454943944459067
3.0787981418129866,-0.41313728136968414,0.00015535163762612694,0.0027494058933207575
11.408701238537313,-0.4178977030459164,7.102141518406693e-5,0.0016687679080411673
17.45794523974774,-0.4203792109761805,9.313910698558518e-5,0.0015743819261735505
18.9548605722306,-0.4206364762359179,0.00023933832222903224,0.0015672327712222614
1.834405232263008,-0.41215874624329685,0.00013834458281337318,0.004100334028908372
15.869589509024763,-0.41979225184611285,9.948171053469543e-5,0.0014629311545829625
16.68173172231234,-0.4202829091609255,0.0001995197966673947,0.0014894481064141021
5.603316519917828,-0.4150176897156047,7.785529594983542e-5,0.0019888488402242566
16.947314251937705,-0.42022431546342115,8.599020215311679e-5,0.0014094112272691976
5.411639239450253,-0.4148298023915941,7.532192415356711e-5,0.002103061719827026
9.208961697089737,-0.4168712538773491,0.0002130674667649115,0.0020146845085696765
11.572909726822603,-0.4181861148444547,9.19035495539166e-5,0.0016113100106731968
18.75411045907028,-0.42092350373283915,0.00012243515578595006,0.0016725788550433348
1.5120860757864822,-0.4119170851155955,0.00016901912592671298,0.004862598267156728
3.1505029681488637,-0.41324963360386247,0.00014845506752916642,0.0028284366877997006
10.53486785541789,-0.41761260360678015,9.709869626637097e-5,0.001703452298339391
6.951052317622503,-0.4156710171014244,0.00021685833618578196,0.001664550454884682
19.214611155493103,-0.4210000259224145,0.00010578726976155533,0.0015336702425253884
2.016809381330748,-0.4122791829026483,0.00015408728229632688,0.003567158976632969
8.259849993754166,-0.41636581720695537,4.387918658451471e-5,0.0017316483764011686
1.5290148832374426,-0.41176294311573647,0.00031714524001154234,0.005041030391204487
5.238859707406636,-0.41497199087350356,0.0002640018966687202,0.0021138520437312854
6.503495647796013,-0.41552304742169854,0.00010116474096677235,0.0020147536447069447
11.899997519785316,-0.4183356322449906,8.468498269272883e-5,0.00152956415588974
14.322789758534022,-0.4192820690667068,0.0001228451368964148,0.0015778154938074942
9.82370064980758,-0.4174975584553637,0.00020298264100219524,0.001753946234267406
4.580629725978169,-0.41433353870766887,0.00013500604689337803,0.0024607884970285865
1.7477619328923684,-0.4118816264297106,0.00014216172072249633,0.004075796663416173
14.357862861367224,-0.4192123642595213,0.0001233767151799267,0.0016034696256406328
8.23682083075792,-0.41652131276765675,9.089324889493001e-5,0.0017269788248092915
14.138090702104716,-0.4192543677715816,7.550501397165465e-5,0.0014935177267320918
17.930358619183753,-0.4206018470288139,0.00019977490610415834,0.001640676459344329
17.38852171928451,-0.42046452619904634,8.506296430166007e-5,0.001430621241249152
14.24419175912795,-0.4193922250107398,0.00017518088949551797,0.001455304025809246
18.394732349413324,-0.42075629800992803,8.723927476338995e-5,0.0014855336804095408
17.873315005721878,-0.42046419577721095,7.615748345153127e-5,0.0015607923929964666
12.363809880807153,-0.4184589118585693,7.944863051488297e-5,0.001557874937817279
3.2260743261711036,-0.4135849618314202,0.00011903623389159942,0.002694765569690334
14.97861548084096,-0.4195073540941641,5.795770491133121e-5,0.0015570029905059824
12.618388393775389,-0.41851526589469606,9.55582263341226e-5,0.001628578151180237
19.91833558246608,-0.4211048114138262,0.00015757852382709513,0.0017748403476502736
8.116611191305996,-0.4164005132649891,5.891672742118511e-5,0.0018636914478885192
17.826620017099323,-0.4204986147826915,0.00012648745964182904,0.0015392724473828798
2.1238381527041135,-0.41249653642332346,7.122001659520644e-5,0.0034321032745227202
2.9588376764126325,-0.4131320098834262,0.00011943905216015527,0.002771228317355915
9.208109789065059,-0.41708148390739996,5.527161631061496e-5,0.0016861624874219784
7.475233972553602,-0.41616797331943467,9.117406148496227e-5,0.0016915693564814903
12.364157329872462,-0.4185146468220217,0.00010167790698259884,0.0015263464445857456
18.094495815250685,-0.4201792502387445,0.0002878711582906252,0.001695995834795399
9.223106359708032,-0.41705349026406324,0.0001489638705733332,0.0018414458169398458
18.257890844543596,-0.42063535780027633,0.00017649222694371774,0.0015517058135293457
2.289690826242452,-0.4124734057795679,0.00014781368181166212,0.0032797313268125164
18.005241427518435,-0.42046957322103373,0.0001493402790092545,0.001688878434492865
19.815487381660674,-0.42124042933819894,9.64526219949442e-5,0.0017478191240615961
2.9777582216844842,-0.41315775960472756,0.00020042795639025056,0.002644707611352026
15.34701284621443,-0.41966442811001525,0.00011464236136936927,0.0015329934210131623
15.82225660210742,-0.41974249150025866,9.581373802513649e-5,0.0015714203915554326
8.122136786703678,-0.4164244083242653,8.521030982847439e-5,0.0017368724768842304
14.059430605837715,-0.4191697696400507,0.00014945875329932558,0.0015822660170158075
17.531192329684423,-0.420494515962537,6.425378129774506e-5,0.0013250393876184166
1.7647817187846784,-0.411992517884019,0.00010232319293288111,0.004295088989866584
11.643520830537405,-0.41820516468633384,6.367259706652579e-5,0.001518602218277466
15.489374442601132,-0.4197171485457691,8.30905804490498e-5,0.0015005025796166736
2.303788460864782,-0.4124529055142842,9.383663597169007e-5,0.003131656048351388
15.867214227980421,-0.4197847128468369,0.00015114226134286897,0.0015405848962243532
12.47080316196595,-0.4186947095458563,0.00019513141613673773,0.0016510030941718683
19.496345222753373,-0.42098069792099824,0.000110422049285847,0.0016271910495769702
10.25928743533874,-0.4175129842286625,8.392643721917622e-5,0.0015476902213284137
5.497437803867891,-0.4150672331307827,0.0001561906426229982,0.0019157150174107416
14.421327114301025,-0.41926973369781884,0.00015275564934296468,0.0015999411105724107
3.0892318191321184,-0.41314091043050577,0.00010448235357543937,0.0027029980112554465
15.308953127545605,-0.41965690338304323,9.938684616891928e-5,0.0014829860517259004
16.40781805373377,-0.41996469475668025,8.953576372454507e-5,0.0013873016742520952
18.509040120084276,-0.42061058096000115,0.00011973099791293662,0.0017302778459757574
8.597911296483423,-0.4166861248994786,0.00012928760227848342,0.0017316276357870457
6.531968557083179,-0.415528918044625,7.256077167846617e-5,0.001975706501603115
12.603228483761578,-0.4186437497716086,0.00022403919001717768,0.0015716246978532088
18.67485859122788,-0.420839886993516,0.00017249315673027138,0.001491823493315204
5.1227266776116975,-0.41470912697684026,9.585819720382478e-5,0.002172435617380716
13.117504675054576,-0.41878515265269284,6.86752434415471e-5,0.00164259503920273
15.859663554410872,-0.4198622391378789,0.00018321307738975912,0.0016493630489079795
10.770627243164526,-0.41776643341961556,7.426605675849085e-5,0.0016440227814942454
1.3362985453127139,-0.4113112468750537,0.00021229110901449348,0.005237788743718657
16.526813682897053,-0.42008940375057524,0.00011005593349135552,0.0014570605535075179
4.85724190025271,-0.4144696889495801,8.302801700032704e-5,0.002361969007142916
10.194587399240502,-0.4174855708434761,7.806881233724959e-5,0.0016368922746411074
16.6121649232906,-0.42009531207182105,0.00013773414609208836,0.0016336428441768224
7.424754581767995,-0.41614898604007494,6.875094586205314e-5,0.00177448894953951
4.73187030163199,-0.4145317254003012,0.00013326194764459536,0.0024515516381155957
11.38821990873597,-0.41804212821676673,6.18989253415025e-5,0.0015780379179267771
16.30299490511841,-0.41993640810426974,8.986992685054463e-5,0.0014266221652207997
10.235455840230177,-0.41753291791611996,8.16599507631591e-5,0.0016566873393781014
12.326962182209552,-0.41839610853949033,9.710079448568528e-5,0.0014652138067462257
15.986737951083159,-0.4198996704019846,8.054193926422643e-5,0.0013983554694120743
12.614312065639027,-0.4186266301448748,0.00012738311672905235,0.0014801576379821842
1.6736802800263582,-0.4118162634571847,5.518593091526302e-5,0.004099356399323185
5.075548990301444,-0.4145422187180471,0.00014419047968734956,0.0022868061341843864
11.144122466797654,-0.41803042786133143,8.716465981042279e-5,0.001657025877392926
5.598852705242258,-0.414931274169794,9.99017888832393e-5,0.002089149044184512
17.141861201372866,-0.4203668925525132,6.512519979233552e-5,0.0013462307246955999
6.825349892798594,-0.4157982726342435,8.9149461872758e-5,0.0019014643632671838
11.113431748178996,-0.41794850029255504,7.945732249187692e-5,0.0014985949148749234
7.47420155549138,-0.4160395958590804,7.624967312907536e-5,0.0019298643430854102
19.019450191691547,-0.42055845988085044,0.00020657579563357012,0.0017154105836774338
12.999242329461318,-0.41864968698600685,0.0001138800489998523,0.0015648751804189578
11.964922270588978,-0.41811112793393346,0.00012027691284785914,0.001641898408463312
2.355021259925354,-0.4123868319938119,0.00011827120099313156,0.003180111785610942
2.7043030120300413,-0.41299349655745143,0.0002459831739396763,0.0033455640684185296
5.439180094803011,-0.4149519234693352,6.167210456401863e-5,0.0019751605404276745
4.5548047834626875,-0.4143129879655414,0.00012005989593308847,0.00245901875647326
13.580436506123473,-0.4188672363240174,8.851659100358634e-5,0.0014750800261091577
19.671079249071706,-0.4209197861443366,8.790369384890143e-5,0.001823189468694577
12.845547282298917,-0.41859248843161334,0.00016668645160053402,0.0016233737402122689
15.930426774726648,-0.41973688886524246,8.626415520439633e-5,0.0015616778977213597
7.605258262303307,-0.4161075600769231,5.9735727438737736e-5,0.0018124135819906888
14.34429076907104,-0.4195058580911599,0.00014030977267368288,0.0014560625018854689
16.430612215384592,-0.419938638310413,6.563298496442248e-5,0.0015057012193303446
2.9067836907412605,-0.4130722939909589,0.0001107774813853823,0.002905793371954013
17.88381694437059,-0.4206341457068927,6.500150016842854e-5,0.0015013701498585
6.090055730316996,-0.4153144501396134,8.910016088584414e-5,0.0019518709580883516
5.042032495948461,-0.41469355647787065,5.742355087083262e-5,0.0022297245837058855
10.285747199676305,-0.41753375916165053,0.0001158620466302185,0.0017017082308558292
7.47758806749736,-0.4159992070595184,9.860451085284799e-5,0.0018570025752077772
19.610794601289673,-0.4211670871900714,8.695120048651435e-5,0.0016465928093853009
14.696158061644308,-0.4192408089496007,0.00010284486452811588,0.0015458881053041894
17.9694934475604,-0.4205733872251262,0.00011509465389787897,0.0015358685091108912
18.799615618080562,-0.4206830304297447,0.0001400044023326589,0.001542830349485089
18.37603250033314,-0.4207710491708622,0.00014873277003948703,0.0015525158757707467
17.891772936188957,-0.4204375530491525,5.65701725320924e-5,0.0015347571910174784
14.957917538660935,-0.4194716082200715,9.40323263935964e-5,0.0015522854211396182
1.4717613791620021,-0.41159982846382676,0.00021339491017298648,0.0047446389388581586
5.6629601503619,-0.41488416859260396,7.221825917714455e-5,0.0019428628629413064
9.15063030435051,-0.4171640451820379,0.00020484562539101428,0.0018552866528986482
17.044173663884102,-0.4202590691576878,5.946274477791036e-5,0.0015765723692959276
9.141664106898329,-0.41701443665231136,7.63511334628014e-5,0.0016294683373558965
18.059470217047433,-0.4206118709259854,0.00010689255626992227,0.0015589724682582029
2.014331267681126,-0.41213981499126257,0.000384665957039266,0.003414292928172946
10.613916356660761,-0.4177013576985089,8.149863497171744e-5,0.001618257507515921
8.400306985631701,-0.41647300287533107,7.280688820139621e-5,0.0017383760527107867
4.486410258498448,-0.41428170103576323,0.0001306616041792429,0.0025728275976586892
4.172926382351575,-0.4138873213235468,0.00014457474712344855,0.002690214411763119
16.439510942344103,-0.41982615447460836,0.00011992254064847786,0.0014883045901792932
7.828499269523391,-0.4160979844308309,0.00015062001259557738,0.0018544277929820271
15.35953996462421,-0.41948414415002694,6.763285520597287e-5,0.0014961675009971265
17.314087894566953,-0.4202997067898232,0.000115762670209284,0.00149900278533642
16.410783087120404,-0.41976598752631494,0.00016199395483006536,0.001677411468620996
17.528049564783906,-0.4205083669361756,0.0001024466136820678,0.001380893739578828
8.9971478338406,-0.41695690969645355,0.00011896820564086693,0.001651243333727887
7.529429692232705,-0.4163204412155426,7.091490419067557e-5,0.0018321248079026372
1.4812301459544917,-0.4114762449934451,0.00018682131433804636,0.004837599219228222
10.111993041394355,-0.41740527057650867,0.00013644721041112436,0.0018776599193214545
15.948042134011217,-0.41994375070331524,8.6439234286664e-5,0.0014472607681070757
4.507539130756495,-0.41443460502793744,0.00016870103171508444,0.0024350529809042992
12.278174576503908,-0.41840824781928604,9.272827523386089e-5,0.001537343709514428
6.659709871967543,-0.41555099130372536,0.00010141216128291287,0.0019581768941104886
14.21060320507836,-0.41915363111382686,0.00011414811855009402,0.0015219740355149932
10.616664216698215,-0.417640706948102,7.556519094099278e-5,0.0015560232262038657
17.110290795080335,-0.4202082609676772,8.541572552941395e-5,0.0014801642451218078
13.477439301291595,-0.41869877791053206,9.246264852590812e-5,0.0015658862693040617
16.194704123437052,-0.41988537025743145,4.2770259782460286e-5,0.001504140556087482
11.19171837262275,-0.41797377787744044,0.00010903239820321988,0.001608472232459121
18.231601943919628,-0.4206070395272384,0.00012778406235480682,0.0015182678974618895
12.189402274515823,-0.41833661493275726,0.00012020504083997378,0.0016242466799631595
18.558397956096695,-0.4206714127095029,9.47160305770469e-5,0.001384967677136939
6.589747189749268,-0.4154523015271952,9.238480537144853e-5,0.002022756620551208
10.59419910267972,-0.41781578460536234,0.00014603452217539048,0.0015347425136119403
17.276861922573126,-0.420365791516919,8.621317085119583e-5,0.001542041801044451
6.076802176145784,-0.41525426052626113,7.69540704037443e-5,0.001991319523202919
1.0964434941481802,-0.41092109546244376,0.00029973812543408046,0.00611169510359124
9.813410121388921,-0.417250045481849,0.00010589620879281088,0.001698064846903842
6.4141697789817975,-0.4152801040248171,0.00010204231735465596,0.001969420766756225
2.451664169798139,-0.41275289942616566,0.00010865084317543235,0.00283639300399553
19.227096652809912,-0.4208909295355411,5.9785923377859733e-5,0.0016496779353974886
13.683271474004224,-0.41903215160542817,9.96333043822984e-5,0.0014277710230758708
5.201394009359216,-0.4147230177063617,0.00010860225950086043,0.0021271111462426192
13.429849679238222,-0.41900082277385414,0.00011261989710046316,0.0016445851842735637
9.407106220838907,-0.4170666633324551,6.057253309241305e-5,0.0016975575589284859
10.97796771719439,-0.41788080963499324,9.6796079825643e-5,0.0016200849540332297
12.480740629037772,-0.41857330562146694,9.88729424242397e-5,0.0015449686925267537
14.03164642063427,-0.41926118394882367,0.00017688076339842079,0.001581134954777081
17.439310259876653,-0.42045095871726734,9.695543688204165e-5,0.0015691667861380237
2.940914734429191,-0.4131569788521979,8.431614779709586e-5,0.0026641232533197445
8.789431207348851,-0.4168037666475334,6.364689402800143e-5,0.001739919081966
12.942335745197399,-0.4187400631854281,0.0002358766626722653,0.0017411371002051274
17.74388147333488,-0.4205788332348661,0.00014190369586595543,0.001542692269663284
15.673993989161698,-0.4196313276150655,9.316880880615371e-5,0.0015539775145718521
6.2035886059917935,-0.41546020170677833,0.00012518554755910902,0.002106933756927942
16.50760368487836,-0.4200626222352097,0.00010201939220963741,0.0015026232440365607
13.825402806315235,-0.4192504099472863,0.00014962123191264846,0.0014701397015948348
8.555197931874702,-0.41636930233209046,0.0002326238835230598,0.0017634404049494696
1.0653009173975956,-0.41069760614560674,0.0008666610370625553,0.007509833679917095
8.030712465874291,-0.4166193721909685,0.000677402082543397,0.002292718924492671
17.477190802683214,-0.4202761461454829,9.266180382370191e-5,0.00150581961530025
2.723534026692199,-0.41292031037637406,6.50556557113755e-5,0.0031089067806325983
14.00999823399939,-0.4191244160795689,0.00010071279431807312,0.0016089049500681227
8.721111326252721,-0.4168554117276197,7.085638099867533e-5,0.0017154250139506395
7.9580827169214565,-0.41620264245462074,6.575816198536175e-5,0.0018633017023217812
11.056050783727436,-0.41787252271270187,0.000108548007448687,0.001679204416223292
4.73151622768981,-0.4142913254378142,0.000112450303766797,0.0025062892996991193
5.687019331745402,-0.41489117088946953,8.319745780443612e-5,0.0021202890994810866
13.904544665233757,-0.4191850662120401,9.021010486920995e-5,0.001500998954429266
9.246589694407296,-0.41696029010636304,7.85533996555454e-5,0.0017300995608568548
9.819671825063509,-0.41737356552833627,7.763864601377472e-5,0.0016331574477512515
3.5577533374933914,-0.4134550980052188,7.596782875126427e-5,0.002901104761831663
9.217520743324325,-0.41701684836925507,7.793743373315673e-5,0.0017203429760243472
13.201241862369098,-0.4189202388292688,7.863640966428188e-5,0.0015179083589924598
11.732609055278713,-0.41826927103350336,0.00011983855630340788,0.0015792439886823384
9.608867403888864,-0.4173770862322857,8.394615998801013e-5,0.0016092606832756855
7.94749558101522,-0.41638102238243013,7.242577379906635e-5,0.001755003226272558
16.959173540081,-0.42014589002843383,8.648156362667863e-5,0.0014701776386749576
13.371828698164773,-0.41904265548363845,0.00023621787143008057,0.0016030601926141875
19.338289497385002,-0.4209656806791914,7.232818781625104e-5,0.0015950386187860818
19.660410840445564,-0.4212561425223612,9.131938754348372e-5,0.00161402832022353
9.90695257921732,-0.4172876232539475,9.203310239156705e-5,0.0016702173479736045
3.9735665935205446,-0.4140434599611022,0.00014453116425215814,0.0027471592600543052
19.348140190758286,-0.42090529050998543,0.00010664732569480654,0.001603906465274114
15.640329680597407,-0.41979070743446606,0.00010140313500714325,0.0015655749154862492
15.56821676552282,-0.41977173022615344,9.831497907991952e-5,0.0014772490567290942
18.25175205532825,-0.42083750676873,0.00017769017895124956,0.0014905116105038319
3.5321258070443413,-0.4136758244451526,9.595853991874614e-5,0.0026954276523797394
19.266007788129862,-0.4209163352491956,7.433950392784874e-5,0.0016411816705800251
9.97350910466525,-0.4173545043522169,9.088667936738382e-5,0.0016666615425964537
11.329947495164923,-0.4179646654381962,0.00015016747697510924,0.0017017463403339631
1.0370457334311038,-0.4115000339364844,0.0003303098860384994,0.006697967854045625
9.645083203126594,-0.41732303761271344,0.00010054203814036183,0.0015934338113511458
16.87731402139981,-0.4203699539375492,8.764316654272877e-5,0.001443802222542776
19.686480322485576,-0.42108331648876374,8.987441726575038e-5,0.0015782987486784225
16.786745017138937,-0.4201712161128578,7.772289731215273e-5,0.0015158744453306321
18.32587933256373,-0.42083558177080926,8.999183687666797e-5,0.0014911404017597415
16.296401706550647,-0.42013736553136233,0.0001832644289226297,0.001559147838910828
10.22978734386098,-0.4175658809238743,0.0001903706092653057,0.0017073151534009276
9.66021320271028,-0.4172819568885174,8.274331109979607e-5,0.001696762614308862
16.12625897629664,-0.4199063377261623,9.594988977638651e-5,0.001534381534616426
9.062985637431034,-0.41697783960312035,6.3200777875563e-5,0.0016687868192733653
7.927500905379297,-0.4163434691566931,6.762598004717638e-5,0.0019280898635758506
19.550577196172714,-0.4212080010562558,0.0001028485541338617,0.0016661033560724584
4.572650693044087,-0.4142799334108447,0.00010958437490500163,0.002590524109637852
3.9093684624459986,-0.4137940622764304,5.850297644430937e-5,0.0027186206791239816
12.72530409489755,-0.41843317773121125,8.462771295455814e-5,0.0015226850667737692
14.179595495746577,-0.41912987665488227,0.00010188412337781968,0.0016068695038829672
8.86396918995014,-0.4168465550638677,8.498523336489508e-5,0.0016618996116203593
8.164268044628361,-0.4164578118825697,7.592599767212118e-5,0.0017158942895911038
15.627909012071418,-0.41998257453389615,8.559405288136368e-5,0.0014692941831768406
2.3391553833953083,-0.412479685472671,7.414675407705213e-5,0.0030332766721737963
12.789718062275412,-0.4186867863939375,9.623849905855426e-5,0.0015736202057286216
12.557327874571124,-0.41868872695916354,9.660621462812262e-5,0.0015888718475900094
14.884088659263606,-0.41945076430376316,9.153722760127869e-5,0.001543979815459178
16.58307584651969,-0.4200447796785937,0.00013378090339595492,0.00144990824846134
19.159875263154568,-0.420799508995155,8.147713016201355e-5,0.0017470000125715075
19.49747687550911,-0.4210780021690579,0.00011643088827346113,0.0016199406230236304
7.1395057396639645,-0.415880933019042,8.434107415890002e-5,0.002018964130731138
1.9690324307249687,-0.4120557748233708,9.528682498428462e-5,0.003626916029469163
5.005959861061298,-0.41452926157523207,6.328701941160192e-5,0.0022250664573024194
18.692795695121134,-0.42095167660364496,9.923659228636192e-5,0.0016333771546768515
7.889915607060152,-0.4163453494228887,8.002631823822699e-5,0.0018421972080531212
16.00089933052366,-0.419949462609545,9.855231851007018e-5,0.0014244254979295236
15.810456184545393,-0.4198562313565125,4.890336643574695e-5,0.0014206151326497083
2.283102897085959,-0.412830891247864,0.00017284714748502355,0.003160795687476908
15.821270518262224,-0.41948958894995286,0.00028520556944332124,0.0016587608587762298
12.437650964520751,-0.41849908751098736,0.00010197659787373153,0.0015965735685136507
15.5466198363048,-0.41956574396011564,0.00010136906360927393,0.001583808350842041
5.004233854459567,-0.4148430924271432,0.00028256224659357454,0.002111043468711788
17.988024259492377,-0.4205938571878994,0.00011687738235685493,0.0014806893357261267
7.248945485339784,-0.41588067836227877,9.442211134717673e-5,0.0018987259739691354
3.121900976453981,-0.4132637392846604,8.088833847303755e-5,0.002775515832709514
4.834559776437927,-0.4144672917902471,0.00014050237605424428,0.0023051415236707146
3.617604988615107,-0.41359802320514766,0.00013393792564949362,0.002840554854356671
1.7937790287988884,-0.41209786237080664,0.0001417478558713708,0.004002225016499187
8.982891380025409,-0.4169140829821399,0.0002029421743043044,0.001703665333992481
8.01545928759537,-0.4164490487150979,0.00013815483578979656,0.0016626518685550293
12.533597830193854,-0.4184725185949788,8.445912781947524e-5,0.0015724014378662122
14.026096848998996,-0.41900012260815067,8.994615379449932e-5,0.0015378636641597975
15.57165022419016,-0.41976212984220074,7.799745520792212e-5,0.0015254698876856045
1.4430321525868632,-0.41126619346710946,0.0002484345814334692,0.004700496242341711
3.2984033049324375,-0.41337014448071485,0.00010158689671521655,0.0027923534877896256
16.62025945780888,-0.4200363902334603,9.069631033127342e-5,0.0015420302224098102
16.52191210760891,-0.420049205887581,0.00010469017067256967,0.0014693645923714899
11.421941020492719,-0.4178836983171182,0.00012326355580288988,0.0015170760315949868
11.143667810501466,-0.41781081782174134,0.00012019510551655189,0.0016410147386903466
19.104542540052726,-0.4208946476567425,0.0002577300915960429,0.0017271199860285533
18.101821262643448,-0.42070231760728205,9.101113582919601e-5,0.0015452894164627886
2.8984188829440622,-0.4129010026225521,0.0001021086506160141,0.002799006267281982
3.594998869225071,-0.41381186509131285,0.0001730755927130005,0.0028274402885993598
18.173017903629848,-0.42071719305113814,0.00011399896012099667,0.0015999375097770691
4.973976667290609,-0.41484427942572144,0.00017970804503966616,0.0022127591376665803
1.131720443410907,-0.411679519417137,0.000313178132484005,0.006158130800154753
4.31605799113408,-0.4139683376472358,0.0004066176406771098,0.003011868081006549
4.817477126159947,-0.41452449656911605,9.89066490858175e-5,0.0023051876366981592
3.0344656040001725,-0.4130893615922207,9.783278388207406e-5,0.0027170526622832254
3.5665973887865685,-0.41364954076003835,0.00012461061783187698,0.0027562026564169877
4.9766172133202105,-0.4144999450596243,0.00018391083457281075,0.0021514433747420515
11.380332807538249,-0.41809119984281873,8.20970509113569e-5,0.0015494161875473503
2.1628984376981575,-0.41238399836006906,0.00014115364284200801,0.0033733502711243454
7.906009469208323,-0.41634083450693354,0.0001235105325722238,0.00202371649292207
6.056363146200585,-0.41515633360069476,0.0001124533429203519,0.0019680822367488335
18.47203511669351,-0.420984652591564,0.000178044207564636,0.0016329776913990518
13.926913267201478,-0.41905537854077746,8.794711410491922e-5,0.0015172994830119522
13.183444504486582,-0.4188810880286687,8.768809575383913e-5,0.0015240323232766993
6.948915772502025,-0.41567694945160744,0.00010596033357701613,0.0020022893961404134
8.793675806597577,-0.41677621663109904,6.0991847231863095e-5,0.0017155484812986662
19.899638589113106,-0.42122827555957965,0.0001041129398180296,0.0017707374523164318
18.671515995488505,-0.42069738904416104,0.00013163709119412017,0.0016454205290192046
1.061068173361221,-0.41136806188830827,0.00018187630174792223,0.00630309293947245
4.693621768170226,-0.4143876483298293,8.64511170892285e-5,0.002420992307677802
6.2684824391433605,-0.4153886712362912,6.210556708412208e-5,0.0019968091672572237
18.234736143909917,-0.42077895521322445,8.651376272377658e-5,0.0015326007482432626
11.148012147862937,-0.41784777483558355,5.769214528589301e-5,0.0016053520266753824
19.185985524690516,-0.4211734497014126,0.00010984167456999995,0.0014722303673604712
5.772874234755594,-0.4149289929184017,0.00016733450631566427,0.002049317659828644
14.952760136526075,-0.41943992167179894,9.771221716391631e-5,0.0015484098126599245
12.322398912594378,-0.41844378292810236,0.00011016642075692033,0.0015764488505391606
5.592129730764135,-0.41516403071143265,0.00010825713116388856,0.0016939174781455397
6.878158272327854,-0.4157072313240833,7.606295050652197e-5,0.001823550589229452
5.442840858188078,-0.41481284513296957,7.022538598464954e-5,0.0019258566969973434
4.67361626971457,-0.41421951085612835,0.00027233810643202656,0.0025722936169798472
18.484323229402182,-0.4206992237218086,0.00011009001167286837,0.0015611205896190997
14.272870886557417,-0.41930072321321615,0.00014681356667176616,0.0015735328836130776
3.5847641745771597,-0.4134968551028746,0.00012647357280629466,0.0028502676567901796
14.175518786482597,-0.41922266823336707,0.00011021047608251685,0.001549639932043969
4.0122359928367075,-0.41400270384677423,0.00011442260819256697,0.0026272402227369963
8.401224884325735,-0.416740465824877,0.00010201164746807362,0.0016706007979673373
5.628742604657202,-0.41493295555090554,0.00013128880651712969,0.002123633959148348
18.62823338867675,-0.4208233372018169,9.449512319841331e-5,0.0015526637895979813
10.366140424396654,-0.4175546370593717,0.00010378121417587768,0.0015714777518874474
10.611090994287839,-0.4175421228691754,7.522486319558184e-5,0.0017593007763300878
10.110805678875122,-0.4176354606126137,8.89090908005423e-5,0.0015719140518583553
19.710890346428386,-0.4211384740213912,0.00014855335726498325,0.001775824744147992
8.579782500432849,-0.41666266745164254,5.765889484658547e-5,0.0016669417474724833
11.331034249705505,-0.41800185546510465,0.00011552270926027627,0.0016932695005803188
5.666239619747119,-0.4148682731215963,0.00014504792008884957,0.002022857950377937
9.598913182975895,-0.4173075183781254,0.00014248885129899494,0.0016790815388958143
3.624716477504575,-0.4136248883389598,9.22690314922176e-5,0.0027964265119386953
17.46719821571765,-0.42059474179765993,0.00018344464419638688,0.0015123456060106854
9.356195613321166,-0.41716256386710804,7.114639701759133e-5,0.0014654302002332664
19.92646804946617,-0.4211408916173484,9.854216893658782e-5,0.0017400062523599507
12.178322583532852,-0.4184306843032897,0.00013977529797337758,0.0015621973842802825
19.384907733528078,-0.4211385311256676,9.79598744274906e-5,0.0017017364162670097
10.450017011192248,-0.41747470658635155,8.189248669421415e-5,0.0016515072223869712
14.38288972968537,-0.4193143439225441,8.124064053824731e-5,0.0015171895227011943
1.7101013607142568,-0.41193768817687765,0.00012999092994385453,0.004081200072306629
4.367236545719124,-0.414072727915848,0.00012076180599294897,0.0027578001118907505
1.4363886933888856,-0.4117801055369628,0.0003069682780016236,0.004995932819206083
7.063740547020821,-0.4158885340247641,7.298333048804286e-5,0.0019524789077328057
9.897154742207046,-0.4174059045921889,7.25963867393705e-5,0.0016921295928388948
16.37692758054091,-0.4199908952409211,6.806127381359613e-5,0.001569089435295097
11.374630706881254,-0.4179983563446639,6.482311408521302e-5,0.0016232567869799265
3.067048031540066,-0.4134844744021923,0.00030557425619824944,0.0026820548861229434
19.163328989424492,-0.42092245438114106,6.316257043008036e-5,0.0016716778255636488
4.140716547135234,-0.41397922237590307,0.00011547099409246826,0.002710155401212292
1.628920187601305,-0.4119874983482068,0.00014308358721205574,0.004301963121457859
5.931909350029967,-0.41502082316279754,9.411682055848386e-5,0.0020195980261982064
1.4414193899073575,-0.4116952441932136,0.00014995526597767463,0.004992107966943035
11.472796220830357,-0.4180604401329941,7.443962647345716e-5,0.001534777746273509
8.424541575741907,-0.41656449606477736,8.269661664645912e-5,0.0016945481585652808
14.245350695530286,-0.4190692717801797,7.445737019782455e-5,0.0016857806188501745
15.38954059774396,-0.41974345050843553,0.00010590055273669898,0.001449019778910791
16.34190940348436,-0.4201094428609351,0.00013130612075006992,0.0015403567102024597
11.61917421888673,-0.4181323592112722,9.698299934301713e-5,0.0015376962379563515
9.418145870027573,-0.4171703769358148,8.633073967349774e-5,0.0017472442553429634
1.7840848281610837,-0.41202308240540064,0.00011461238560189681,0.003997383963931848
16.19994394593789,-0.4201762710412269,0.00013474524052847943,0.001442654140141448
15.710723398241182,-0.41956992129693393,7.143957382833624e-5,0.0015936922012887204
4.995905716741224,-0.41459195498049467,8.386806827067146e-5,0.00213725612959156
2.0767391463923497,-0.41221439866729453,0.00014922033002938884,0.003369132882337522
17.67188172075602,-0.42043468972949144,0.0001021399950295171,0.001527724479790842
3.873814086945182,-0.41429819494008086,0.0004290045509428051,0.0027662902982664404
12.576420696072443,-0.4185082384068306,9.626540263327335e-5,0.0015034638771102718
12.586541032043199,-0.4185367528853226,0.00010975670094710541,0.0015889713070233755
4.650640340710334,-0.4144260068452202,9.422670919544064e-5,0.0023947608177323355
7.717975398998692,-0.4161519866898938,7.800836654216248e-5,0.0018256184272157912
17.48045574902476,-0.42056979397867794,0.0001078765458238265,0.0014111631821381956
14.39284805335028,-0.41913411042553417,0.0001434358503502847,0.0015808689937409249
18.054331443908655,-0.4205951434395337,9.473542438275755e-5,0.0014212820640484064
7.1531561614457075,-0.4160050410177659,6.268724787809406e-5,0.0019286195320901988
18.7554189993917,-0.42079592905556396,0.0001001962222374984,0.0016001899828413017
9.640951535089016,-0.41729780118586307,0.0001390749026149072,0.001696757522024621
4.605921280300516,-0.41408841827418197,9.669336639079528e-5,0.0024919457599436178
