16.018398303169676,-0.4552315580490966,9.100115044747832e-5,0.0016157443242393842
5.229521488048399,-0.4454604491990074,0.0001737330962582279,0.0030556901487589906
15.097207657721803,-0.45483659983851255,0.00011725089371001772,0.0017024928293974406
7.483698502704804,-0.4486079466387352,7.853013971070157e-5,0.0021612022686777416
4.192771595872476,-0.4433818243242813,0.0005066217521203393,0.0034146005299791854
10.942265392723865,-0.45209023549279564,0.0001673581984254863,0.0016998443389747687
3.011207947938429,-0.44105706267973754,0.00022975451126618158,0.0033122842847447946
10.491499726729836,-0.45138270839606026,9.288767374779648e-5,0.0018317971376788011
13.350731875827552,-0.4534905339988361,7.292800633160046e-5,0.001705509377278798
13.247610444105414,-0.4536351713695635,8.611065221412204e-5,0.0016068370974468278
1.593329069981977,-0.4376065987291036,0.0004221886105233729,0.00869510677829214
4.735314048803136,-0.44467019314664297,6.122207127457124e-5,0.003093117746553303
8.348217346623622,-0.4495875099223737,0.00011805291250291409,0.0019476248711202933
15.588261340635723,-0.4552780957508657,0.00018336857479154267,0.0015127734720715444
14.234958105349337,-0.45420601215707135,7.192820187086312e-5,0.0017346391288830284
19.17238914950758,-0.45682830768837707,0.00010201866284431646,0.0018477809691050458
6.506827677793714,-0.4473550655115177,5.3005842446176084e-5,0.0023396745863885162
2.4850478940286487,-0.4400239144976097,0.00019652949274800885,0.0038542837091591936
1.5241519314135739,-0.437485660135867,0.0006010947848588692,0.009624636236327805
14.42114034303691,-0.45430428976193526,7.185077663974276e-5,0.0017063341126159612
15.775076869412779,-0.4550747829211959,0.00016117911858731172,0.0017223490765959552
18.92535596668141,-0.45678530423620683,5.9461014665775686e-5,0.0017486668161864184
17.61674650807477,-0.45629202236608657,7.713769592683224e-5,0.0016435859032537163
10.589238293234697,-0.451426704675995,0.00011820692093732121,0.0019326234535506264
10.811439165589832,-0.451844952808794,7.043888655574674e-5,0.0017755022740032237
7.900714235318135,-0.449028169120977,0.00012325321809372982,0.0021645144568937977
15.62789473540488,-0.4548798089222457,0.0001704552897846346,0.0018544447593261445
6.137380494155318,-0.4468780279887583,9.531401233923233e-5,0.0023360780412502425
18.46868057446517,-0.45668843181678576,0.00010057094869654841,0.001684072427098632
16.850884468335845,-0.4555639640134595,0.00014300886805623006,0.001762113693240225
13.65584484970611,-0.45384399190770314,9.47219103953821e-5,0.001682172702686908
14.120883659833629,-0.4541085168836864,0.0001821007795192383,0.0017729046956753071
15.985956251017177,-0.4551097103860809,9.380498588937009e-5,0.0017628311478291247
13.710346228260965,-0.4539763978871201,0.00013423152721664863,0.0015743699486955793
12.872207524484516,-0.45337809039194493,9.12901473362637e-5,0.0016990385918849722
10.585289214823142,-0.4513914588476575,5.6204550547805925e-5,0.0018766411092487627
15.521143718679632,-0.45495588338416354,0.00013163353952566165,0.0016965352026020993
2.498769072761462,-0.4398941452001647,0.0001685014619383157,0.003722411408502411
5.712212626432565,-0.44619796569808856,8.940691434822253e-5,0.002464974357235584
8.625497613386678,-0.451450862396834,0.002354563833300933,0.006542667299757792
1.7197469529367082,-0.4374834544586931,0.000238058524544427,0.00731683171132767
14.545996680317167,-0.4544815847714036,9.55492615228247e-5,0.0016983482018626793
16.848633699690318,-0.4555960696563976,0.0002599977572907206,0.0016375144505151515
10.116993913817897,-0.45118342366936354,0.00011763974212608334,0.0018395960021844935
6.3250599292237855,-0.4470521354627463,0.0001358199859250955,0.0024526653733622683
13.23366740396724,-0.453739963893709,7.041860950081995e-5,0.0016839229101803764
12.914817364086403,-0.45340978690048284,9.786941317157453e-5,0.0016656788902481177
1.249989394133286,-0.43499397788259275,0.0010094727436876796,0.01513815122999593
2.6344228602087183,-0.4404378710280909,0.000207312018200729,0.0035059240346422328
16.911312991847506,-0.45590681992065424,8.153641461014999e-5,0.0015596209759884828
1.1045939066155777,-0.4341826536834139,0.001082702219300829,0.020197638430740485
17.879315617605123,-0.4564486683821975,0.00015249310899090876,0.0016856211130500853
14.885776589733581,-0.4545675931669954,0.0001601141338556455,0.0017334731359534142
7.1009432158789805,-0.4480050692367863,0.00022159671167068718,0.0023281029670683597
15.416994196843302,-0.4549031205950108,8.697683421698907e-5,0.0017244562224507391
7.888110235192524,-0.44883076560972723,0.00011779977372643506,0.002039129229485283
6.521442710321454,-0.44734538322226436,9.657295132847988e-5,0.002267002546281982
3.466582093901266,-0.4421903178247341,9.266313036203705e-5,0.0031637998400504837
8.335779060441606,-0.4494047292678833,0.00012054020880702584,0.0020812647439557123
14.925397498233009,-0.45467665614094194,0.0001000339235935436,0.0016885676550031533
5.482594259704141,-0.4459337816108978,0.000174307282841188,0.0026266199414259257
12.673700888504587,-0.4531100559766804,0.00014112868517181777,0.001749244369524305
19.111917361136737,-0.4569184746723101,0.00018652948124003925,0.0017640302642792302
13.46489387898914,-0.4538188290910284,8.530952739747372e-5,0.0016931217698639292
4.456360604242013,-0.44432689541012976,6.473004971421363e-5,0.003096469570207444
3.8931978588947596,-0.4432356053475843,0.00011304474562420346,0.0033626016782470117
17.20931541578716,-0.455960413692015,8.566292807807704e-5,0.001638985841928713
11.705852790686027,-0.4523879789404666,0.00010064813008460525,0.0019065943982888335
7.918041619258033,-0.4490448804414939,7.462658444207153e-5,0.002015757011928401
15.637354154850208,-0.45502467864259316,0.00017032278177089809,0.001744922141421977
1.4883408120339856,-0.4368285150056248,0.0003828717527117562,0.010521431987300626
6.947845464114879,-0.4480406219881266,0.00013580887551597383,0.0022851462560112136
15.978119577660696,-0.4553519929618443,8.742921715841323e-5,0.0014629953487609562
19.58072157401995,-0.45754070639495725,0.00025035633065095196,0.0019699798636511733
17.691688407452276,-0.4561143060933114,0.00014588995016349087,0.0016313880520695313
19.593125423516284,-0.4571533652324197,9.006382992568087e-5,0.001986022821409565
15.250315020253563,-0.45468818275043577,9.369772297592484e-5,0.0017422642686789923
8.311202031096515,-0.4494336339484663,9.060827106992051e-5,0.0019172831312781993
7.259848417326741,-0.44826676712998753,8.031215575743736e-5,0.0022045200724953736
8.727117622687777,-0.4496547468974748,0.00013195594380458335,0.001780103238904774
7.516799968964432,-0.4486828821658567,0.00023824294244028665,0.0022115131703592497
11.028995109362196,-0.45187328869460963,9.664330212494224e-5,0.0017465695818208351
1.6137563108030695,-0.4371326509596592,0.00033475683241391126,0.008112183075465986
12.322262462472741,-0.4531468593396673,0.00014140531082382877,0.001705661470592353
9.03050415307277,-0.4501513584698998,9.809383415624173e-5,0.0018802426987408393
8.72173724149036,-0.4499151020420321,6.738965073337426e-5,0.0016582036673957184
10.917279941558961,-0.45207198118910685,0.00026122070803837267,0.001819735027132395
9.47277673902373,-0.4507025494706121,6.0570047565322745e-5,0.001763050679081737
16.53317036244199,-0.4554691166383964,0.00020505345644975033,0.0017328143928128585
19.809830225188453,-0.45735565241268117,6.01884977292123e-5,0.002055312308720927
16.32417597046096,-0.455576622685827,0.00016346998411515982,0.0017414619029399155
15.294915145532238,-0.4548775694101568,0.00010985958473341321,0.0016798921773821041
9.593379768566416,-0.45067111649289365,7.620863048169909e-5,0.0018290260580380072
2.4540279101675866,-0.44007767642328277,0.00011604704360666255,0.003841870851710834
13.635852737193861,-0.45372417412220234,0.00013413354952477834,0.001789368739317481
10.833989743572365,-0.4517288261556874,0.00010859165204564186,0.0017744633287684313
9.725879438428704,-0.4509225081551535,0.00016474618772055417,0.0017087456375124842
12.079244973982487,-0.4527878867996595,9.765658389770357e-5,0.0017098459312090248
8.785891000546359,-0.4498514435213629,0.00010143433834777177,0.0019950886457097564
19.918591818180126,-0.4572717100073197,0.00014310580483231045,0.0021109065887581074
7.255147841774251,-0.44817067432914015,7.621279314534712e-5,0.0022618979141207822
19.42022151803565,-0.45694456579145265,0.00013358725730009609,0.001995363982744119
4.14489835647439,-0.4436798856986153,0.00010384191777560527,0.003158913836395047
7.2258077136205925,-0.44813117140474296,0.00013441766808909933,0.0024146592498889567
13.001728120593167,-0.4534299785915739,0.00010740905908161407,0.0016591881281012022
18.836250219595204,-0.4567524303700929,0.00010154562921724625,0.0017410016934279108
15.097914892077904,-0.4548046546393257,8.300914643397438e-5,0.001620740637377478
12.923137324900491,-0.45331170476308613,0.00012587292933344675,0.0018069654543756343
19.028075140800116,-0.45682355179899164,0.00015710662408054604,0.0018728392902586097
16.783215321152312,-0.45584776902699975,8.624455030660116e-5,0.0016498940884835662
17.127938896827036,-0.456000834470565,7.8416310697422e-5,0.001580579980696897
8.518027768760629,-0.449280202068289,0.00031470101337909776,0.002671122221096298
7.007145531673462,-0.44800544892205013,6.870516481156724e-5,0.0023326875435143984
5.481590045570252,-0.4458972752469121,8.115276393399356e-5,0.002733805926382409
16.812951312664982,-0.4557094095483484,0.0001127913326917513,0.0016393285000234463
18.235059776424183,-0.45649739196758815,0.00011957766448050844,0.0016666147593634218
9.312692721142932,-0.45039102014913973,0.00011614327438415278,0.0018181647032641348
14.160214723072464,-0.45404991363388536,7.922235775096566e-5,0.0017941371142565098
11.552272412733902,-0.45226601678755296,0.00011662719367586212,0.0017487288655129096
19.336112518088992,-0.4569045780292609,0.00010292276274982284,0.0018710912447527544
13.45278332226716,-0.4536768423892017,6.316933515303417e-5,0.0017406622593102298
3.9684024069405397,-0.4432806910705179,0.00012892500152079836,0.003209489166970283
12.574140555026641,-0.45304657148033795,0.00020539392231969997,0.0016490268146555098
12.006135348534738,-0.45258682212455575,0.0001085852514493043,0.001811136226605869
7.80123958516922,-0.44867147799751006,0.00010555420191771589,0.0021818011885857483
6.55407556625078,-0.44727360101003977,9.196149653093838e-5,0.002351100029578598
19.55848019804137,-0.45704133164576394,9.551711332830468e-5,0.002005721559915383
16.803818088400345,-0.4557209534346799,8.442476808018178e-5,0.0016477122486616858
9.99326691242017,-0.4509513345916298,0.00010618148081029032,0.0018848046450059292
1.7102808799038378,-0.4376536208258227,0.000257912020377769,0.00734103360226631
6.234631616629979,-0.4469128607476044,0.00011425567320279945,0.002284220391994599
18.6155406903649,-0.4566773184373369,6.70222750332196e-5,0.0016752858747291002
9.510847526030524,-0.45052419112547054,0.00018688156269990665,0.0017506423833460356
9.781599392029106,-0.45087920029455314,8.79282801409291e-5,0.001924496642944288
1.035209678802807,-0.43394220907071174,0.0010584244880997222,0.022484890328168868
14.671533948246582,-0.45432449133598635,0.00012872821298576527,0.001815256237796716
14.642314074368446,-0.4543977428470656,6.583672687155677e-5,0.0017371775899012393
5.16567755433429,-0.4454410621328847,0.00017898073477979153,0.002779944753683804
10.675811852327618,-0.4518374017009966,0.00022405735753313783,0.0017179088434128643
12.452787418594017,-0.4529928818213518,8.792774588584725e-5,0.0016553730901697425
7.133016464478375,-0.44805098298966084,9.234009632529706e-5,0.0023313729058771823
6.2385523930994715,-0.44690012412161656,8.262744525104783e-5,0.0022584522515386005
6.2288726411357285,-0.4469542473888658,9.72943187603513e-5,0.002341814919901238
19.84169811963459,-0.45713560430631023,9.29813095247781e-5,0.0020816468148769566
9.77702657985915,-0.4508540341575579,5.971993770307691e-5,0.0017513699836296257
12.033224459843392,-0.4527391563179924,0.00023532548662885553,0.001799822357937951
17.635011703076767,-0.45621425830894025,0.00015244410434760733,0.00173785500104651
4.937244419498883,-0.44495349323626354,0.00010439634441658443,0.0029929290018749126
9.787185613428619,-0.4507867712214802,0.0001283252931659945,0.001804731089153421
11.111198187776573,-0.4520818950794672,0.00010300942231086689,0.0016827302795827841
10.798641058391427,-0.45177750193066013,7.460352563627136e-5,0.0017117442769579772
2.861039690334815,-0.4409729942910268,0.00011727618471406339,0.0031940782208338208
18.28156661302242,-0.45633518919887944,9.032705860021088e-5,0.0018046795025515284
11.083598900553383,-0.4519655575341046,6.690580003437639e-5,0.0018755251472273341
16.145118524082598,-0.45538856500464236,6.958566323150126e-5,0.0016850987838314358
15.762921940448983,-0.45517307080144487,0.000101314237408793,0.0016139045157739407
1.2678883467328919,-0.43667964534798503,0.0011278343435552009,0.014485064997938543
9.525641775736187,-0.45062747781129825,8.799939724592647e-5,0.0017784320870579385
19.128861927872308,-0.45686199137844025,7.428083583651487e-5,0.0017435872314132464
17.778702480280675,-0.4564273897320562,8.194891428246382e-5,0.0016868891393255914
12.441914584082657,-0.4529985252970108,0.00010803017994593141,0.0016792964668003905
8.047236564222771,-0.44887270696915305,0.00013888569689016848,0.0020299489254350916
14.05553533811382,-0.4540168683245912,9.494988705774092e-5,0.001732133725367105
13.553242187727419,-0.45372813274767654,0.00010408986388561445,0.0017536297326741666
18.60708850108414,-0.4567376268373718,0.00011503793877790607,0.0017475704842472054
5.490710909193121,-0.4459105359587079,0.00013070362783196697,0.002615879848855193
14.813121385942333,-0.454877309235275,0.00035115315285599326,0.0018455175285258577
4.483888816223731,-0.44427530043147706,0.0002115526427614394,0.003248859374840474
19.64609135709468,-0.4571815470842502,9.8779300074728e-5,0.0020030451902259723
12.245684582411968,-0.45285932591912254,6.080215521761937e-5,0.0017079481676284913
3.037711479130474,-0.4413016805105607,0.00021204056717450488,0.0035531768857068524
15.968319579168748,-0.4553357211743504,0.00010390636270468896,0.001723762485151589
2.943155419895107,-0.4413620925501877,0.00015184637948706747,0.002978409037449446
16.138385930978487,-0.45542736576369713,0.0001020243011727977,0.0014523729352286846
19.29446567580572,-0.4571542006293215,0.0002464959957281113,0.002091943048209859
2.905317361373962,-0.4409266531759729,0.0001045031391355779,0.0033269743262536663
19.48551668716026,-0.4570997435865174,0.0001505819383286118,0.0019337788451041773
9.72323874307354,-0.45086162044722194,8.878250970870845e-5,0.0017960915680194846
7.6278372322718315,-0.44862804875981466,0.00015034018473213625,0.002292026905496195
2.59903592816998,-0.44022002698580787,0.0001010688355599811,0.0035949138727929307
10.995976388713329,-0.4518574109511335,0.00014939836160044308,0.001648064096067113
3.1050797044507115,-0.4414832460306076,0.0001737419336154609,0.003119870892017408
7.769312767522384,-0.4486665707368909,0.0001563507990425186,0.0020886841376615336
8.701056471980692,-0.44984598120459846,8.263279692028987e-5,0.0019222242858201505
12.3444845021177,-0.4531144276992285,0.00018383355474836302,0.001737684988011461
8.514762471882573,-0.44955875829257136,0.00010959239840347806,0.0020124597970426444
16.604222447820284,-0.4555510100743047,8.720722835692298e-5,0.001584275149812091
2.9390338805235077,-0.44119148718090095,0.00010056408111755303,0.0031964078809211295
12.306454696710096,-0.4529206399688306,0.000190842268651512,0.001635284712168905
15.211699359342909,-0.45484454372166233,0.00012091832332874789,0.001712107439450035
7.084348218757454,-0.44803195678300195,0.0001440610705588352,0.0022605126592134006
3.193412415611709,-0.4415629473457781,8.692453450578047e-5,0.0032401592331429544
10.418941540491808,-0.4514302284646524,6.696825400534524e-5,0.0018229790118936212
12.91502839555119,-0.4533733194845986,9.826247105431876e-5,0.001646982879435664
12.621139798973012,-0.45305858210402183,0.00018876036031266672,0.0017858001151465196
18.555479352210522,-0.4566118467487529,7.051959428220925e-5,0.00160873513113328
7.482398480713167,-0.4485469373698513,8.112870013155145e-5,0.002277176681651059
15.00444124526553,-0.45472677304939074,0.00010663995661355646,0.001642646348625921
17.71141696029699,-0.4563186367580662,5.795328301114552e-5,0.0015209968662923475
9.320648420413765,-0.45033996544011506,0.00013645219460863624,0.0018679190075216207
14.658038795157422,-0.4544365714383331,7.322412146522764e-5,0.0017210689991758415
11.510494711767453,-0.4521713317895762,0.0001184351340692865,0.0018298220576232983
2.0393022488042156,-0.43880890438965986,0.00022014458492622104,0.004934937172529344
16.076240416918704,-0.45526937807702117,6.110223811111103e-5,0.0016467832736128626
14.8002891542279,-0.45451250327223053,0.0001377643305061556,0.0017914710009264319
13.775630809576814,-0.4538987810950647,8.952251440548521e-5,0.0016745725987218716
13.070753311102122,-0.4534694936259695,0.00016955728659560505,0.001639476319990288
5.911554936828709,-0.4463574091573136,0.0001046579237773358,0.0021887597570109927
3.4406563659824814,-0.44222796681251614,8.187055535736947e-5,0.0031959397929044193
4.465255924234088,-0.44395780210544533,0.00013002731859451045,0.0032427944762654856
11.543561744006439,-0.45229955564774116,9.984766882392403e-5,0.0017109150744207835
11.744294903642642,-0.4525271127226539,9.619448744803222e-5,0.0017095962071048325
4.230998341744645,-0.443861294640623,0.00012896346369913205,0.0034043510621683177
19.817046082495384,-0.4571081358718579,8.017804227030881e-5,0.002002393100816221
16.639880494416545,-0.45565880821816646,6.80740455184485e-5,0.0017121041649282235
16.199964752953903,-0.4553966612467859,0.00011206809706495523,0.0017540485268285476
4.077999177868943,-0.4434457507652087,0.00011833361184989358,0.003394266931263667
11.15499791299276,-0.45197487414287907,9.920357463923913e-5,0.001728685270447174
14.623126280294715,-0.45446726016373284,9.565082613140648e-5,0.0017288983672012713
13.749356649591752,-0.4540534055948825,0.00010432956013172908,0.0016145941883952168
11.186646480940418,-0.45185461976888386,0.00015170682000550183,0.0018506857413902315
15.699122895138022,-0.4548576202478908,0.00016228413349810285,0.0016811544514135188
16.456773429343162,-0.45546483617392564,8.125464659099428e-5,0.0017688582870665451
15.523215865609341,-0.4550579122157422,7.861450033897945e-5,0.0016554407209478155
9.230181515178524,-0.45033865958924596,0.00011163160444099396,0.0017823563464850138
14.083445426632181,-0.45414554592115525,9.725836334432606e-5,0.0016316731145016342
18.495022853793444,-0.4566778915574363,7.975403804433599e-5,0.0016312030646168834
4.654609636611872,-0.4445257614351088,0.00011635421643395609,0.0032241320911638375
18.829360923713104,-0.4569199016372839,0.0001379582300543384,0.0018454187107713094
15.501334761465824,-0.4549591125336438,0.00015350863570323965,0.001569478243138291
3.536626209717038,-0.44249868673129245,0.00015949562842892546,0.00307575864510176
3.977133311025762,-0.443419908973342,5.5194125490160364e-5,0.003238120224470724
3.87513478032991,-0.44321622900379437,7.778140455995205e-5,0.003187631430302506
14.921835167070453,-0.4544632781848614,9.349664164962619e-5,0.0018068219116281633
13.924964522598458,-0.45405335030602617,0.00012040254644523166,0.0017034316351280771
9.62966131726202,-0.45056519769497827,9.744746330093233e-5,0.0018884315169026861
17.192934047402385,-0.45593700176538504,6.471548049460506e-5,0.0016132003071392604
5.480595317731435,-0.4459608341622745,0.00013425600404316218,0.002671204398516355
18.98562987067096,-0.45679118691265197,0.0001259711205662849,0.0018463057982079875
4.485145791852941,-0.4442989224179547,0.0001632437651455626,0.0032531314025613807
10.039872467820633,-0.4510461171924752,9.300455689145335e-5,0.001798388656099787
5.203876925182474,-0.445337929638237,0.000141449134331712,0.0027510768783289485
1.8368575127238929,-0.4382693354394872,0.0002032665509990111,0.006290188541829472
4.285141107210022,-0.4438590543529288,9.419177617166957e-5,0.0030718543712693934
15.143537575844851,-0.4548836279982681,7.396730084643005e-5,0.0016926642699040492
7.587429566333434,-0.4486434949277605,6.243869912658991e-5,0.0021997631831770473
3.172937496953038,-0.44159175531155836,8.68731824349369e-5,0.0031199836778837723
13.57056160555777,-0.4538511789596592,0.00010275671969353094,0.0017016115780985254
18.368390582430774,-0.45650315263140673,5.9327051098944415e-5,0.0015346500520555613
5.334870241769234,-0.44565546877468204,0.0001200695765677758,0.0026936127034538626
9.771590774539764,-0.45077938142841784,0.00015682850799172022,0.0017742755107085122
4.987890368809818,-0.44512610941985337,0.00013949965582852448,0.002980006893287145
1.282909520259201,-0.4357828285906682,0.0003048592647216737,0.01409664391358139
6.712144559326436,-0.4478198306005665,0.000472685267141114,0.002545928198458193
10.46338604069824,-0.45125436453578166,0.00014612597743757184,0.0019271182395258317
17.95811180424876,-0.456382264046198,0.00012584143123182877,0.0016390871777492144
18.28215292898187,-0.45647219885305024,0.00011208016717946162,0.0017193562751886458
7.818288103359681,-0.4487983664955886,0.0001019248642915,0.002133460791677278
17.328780814233387,-0.4560824107783961,0.0001153804173194829,0.001576655469210495
15.767406655610936,-0.4550777184450516,0.00011586999639706086,0.001742535948039428
13.71217806185894,-0.45378990416817105,0.00014016239524679584,0.0017944536103904779
19.592764087139553,-0.456973739475955,6.924668298989569e-5,0.002045709856260662
2.8071229234177677,-0.44078384596372805,0.00010483672686141098,0.0033010656197425027
12.45871155425445,-0.4530599893686294,0.0001360360364946689,0.0015969519399161903
17.583530717998553,-0.4560882304981571,0.00012921636092669595,0.001647606308215802
2.6583678071276453,-0.44040852652862394,0.00012946030302411995,0.0036193431813562544
4.389079150053302,-0.44401061549376125,9.154896960023787e-5,0.0032594599642634748
14.306381043411271,-0.4543902487148154,0.00016279527363568605,0.0017385784694637937
17.304714682017146,-0.4560598074454256,5.502779895152512e-5,0.0016333141931772343
8.94825570119773,-0.44999280442702894,0.00011054422456336217,0.001966176491826163
12.095735575486355,-0.45281949832135127,8.636935609112992e-5,0.0017475809878165628
9.191443644428597,-0.4503679306129841,6.328625104070232e-5,0.0017380559374560144
19.169217586328983,-0.4570300462776762,6.944706606712502e-5,0.0017161133678262536
6.704618928846029,-0.44741900301608906,0.000152010882114366,0.0024311536255159165
7.9796501212737,-0.44904796161747373,8.113085286473176e-5,0.002039224369382736
5.947786889433429,-0.44661975246609575,0.00011495792773018681,0.002451279620694479
17.108297040687507,-0.45585055832192306,0.00012967054730873766,0.0016515904807836521
11.075733418436226,-0.4520559928212853,8.799221253167665e-5,0.0016889839788499096
9.923848568258023,-0.45093600680897367,8.552037994431903e-5,0.001832440016982355
3.516265425701369,-0.44251462864375357,0.0001193041855604169,0.0031058951157177384
19.82170478885227,-0.45729204470907364,0.00014828940005600088,0.0019465603585949287
12.58825280755226,-0.45324028017478507,9.267213971875829e-5,0.0015244217193715146
14.94000420850492,-0.4546360902002745,7.94355460338835e-5,0.0016853113453332302
11.661776433835968,-0.45238495756748726,9.710112255433257e-5,0.0018214148088568412
10.75990770614549,-0.4515155144171229,0.00018550726636146523,0.0017637984822926782
3.3862234704585514,-0.4421032501567475,0.00011870716634907926,0.0030025010576406183
13.048447309285233,-0.45320874245933684,6.992932183332434e-5,0.0017712858793489464
3.7611138241329005,-0.4430543816024746,0.00017889789886285325,0.003099553370835259
12.306171331814191,-0.4529870650853368,0.00010340096385345203,0.0017851163051057477
10.466586861453942,-0.4514802010623657,0.0001439880697480571,0.0018337281864839383
14.833355610262625,-0.4544370068880237,8.816392494036944e-5,0.0017716085015267809
15.795038533080422,-0.4551129285107883,0.00014251458619631038,0.0017719404334053176
7.1980405027145675,-0.44803125084919687,0.00012129974315174231,0.002173540693980734
8.253399913119674,-0.4494702832826533,0.00016619106674523954,0.0022571815009329635
10.238836145021475,-0.4510942819349418,0.00013045500129402586,0.0018975553686996376
2.3256242788574766,-0.4396762664027467,9.347824679811667e-5,0.004007659027114828
8.429171438270352,-0.44934005485865575,0.00034096088615641053,0.001985825580836862
6.092506812178421,-0.44659866889873073,0.00015758561091465157,0.0025243451973118647
15.644534008863626,-0.455054781132578,0.00010187322138222701,0.001592226563930148
14.120519046288793,-0.4541280615360946,0.0001308096758000608,0.0017432194325588083
17.15015365033354,-0.45589723658876885,5.405802834591433e-5,0.0016224176610906355
14.834360609599262,-0.454700580545173,0.00013234387070916575,0.0016623193894574316
9.476862794489403,-0.4507216541269093,0.0002296121952897858,0.001728395966942759
14.222085376764237,-0.45420951599531045,9.057718374637158e-5,0.0017106063168010218
10.672182441337034,-0.45153101844477495,0.00014531917911554763,0.0017534198801403475
19.893983975579108,-0.4571107244559809,7.82379483601946e-5,0.0020417404311841142
19.427639560236337,-0.45707368722933106,9.279987038340015e-5,0.0019428285774493001
18.796509107657094,-0.4568213809253122,0.00014971992011025373,0.0017913862624944121
10.473090534663216,-0.45143206654044543,7.692636954445567e-5,0.0019022608047037895
3.697243993670421,-0.4428133675180134,0.00015192675623561662,0.003004497788785846
12.815237609409651,-0.45334979170900147,0.00011053237620744517,0.001593144666977803
1.9903361022454185,-0.4384886822514604,0.00015499057181873373,0.005408651815024595
19.296047284952742,-0.4571045117615508,0.00016595019665769338,0.0019273369558914124
10.610195843279158,-0.45156323464649595,7.231547082419396e-5,0.001855395484276803
6.707153210688387,-0.4474784937845525,8.414638406888708e-5,0.00238216510512786
19.44580429657126,-0.45716686542735624,7.557510284523559e-5,0.0018963017415710706
13.862118463762737,-0.4539660660819234,0.00011435417791854446,0.0017327041361327148
9.237093177705653,-0.4503961679222884,9.056281385796085e-5,0.0017876143588101882
3.332967401573316,-0.4421259033095616,0.00018635699301948914,0.0030528222214861764
18.555091875546978,-0.4565352756857521,8.298190442268002e-5,0.001755066026169401
18.733777861323052,-0.4565995453963872,0.00014118116504060538,0.0018188087888591903
2.9686872548476733,-0.4412931924446989,0.00022063369566109318,0.0033771614382574165
12.777850776896827,-0.4530493723653009,0.00018804779690766719,0.0018429062406118914
10.36961454662778,-0.45145204455861254,9.039795919464742e-5,0.0017252709712952208
8.109333315802058,-0.44932508143201555,9.343727947619726e-5,0.0019740336801710974
4.827495439075161,-0.44480426328754724,0.0001330710467658329,0.0033446943367170983
7.052725884654304,-0.44797232182010954,9.203881750878243e-5,0.0022774834579732603
11.609309646365793,-0.4523166829475868,5.862243679741076e-5,0.0017197602986415074
5.091646760056351,-0.4453341893786637,0.00015886751997289832,0.0029175667219594656
14.115841888491975,-0.45417484528865304,9.324386042478282e-5,0.0017950023414318496
16.49706149198974,-0.4557128149268603,0.00025767114711605714,0.002027966010287347
12.261529918425728,-0.4526567190464738,7.538962220189427e-5,0.0018142411891487714
5.420258043959163,-0.4457539298050015,0.0001487909327248873,0.00268163361740962
3.36346621293957,-0.4421958974283089,0.00011079885582471362,0.0031190265952754075
17.82352323068626,-0.45624340896748716,0.00010958275732936043,0.0016951193387031323
9.136677549888555,-0.4503409556368909,8.324574035937458e-5,0.0018955792715626917
19.301341922624093,-0.4565069310485989,0.00047425068526217264,0.002110064446066784
12.91221045735376,-0.453249033116236,0.0001226361332956838,0.0017992336907582602
11.686314183547136,-0.45236910341860664,0.00012152037400875272,0.001750511016736995
12.567573818726732,-0.45309584570375994,9.676420927270696e-5,0.0017230023544591946
17.819258109774022,-0.456111753447939,0.00011400065323783139,0.001596242189216948
16.42330489198628,-0.45568921134510854,6.569491389151091e-5,0.001550472661024868
13.38923668732545,-0.45363940196237434,7.264898762161265e-5,0.0016933653387537137
5.329028323608825,-0.4455548291619723,0.00012345094813476397,0.0028178421363412175
17.6840215060677,-0.45631731720895136,0.0001330046399396325,0.0014397347923715029
14.738116579293735,-0.4543944779278322,0.00012913690021572376,0.0017497432296476765
9.142972344260166,-0.4502638775474687,7.261137222099452e-5,0.0018058040065415482
9.908632677854396,-0.4509140817509943,8.662676797468479e-5,0.0017755389279512015
13.542599827215666,-0.4537235950983122,0.00012503497277505316,0.0017283434673577437
4.711484846310124,-0.4446074848572662,0.00017721462173100135,0.0026144532248889634
6.276375941871292,-0.4468868101598889,9.902421809953857e-5,0.002413600794319765
18.732983848147487,-0.45672665381521155,0.0001294292080995096,0.0018018969533033593
14.404547136349288,-0.4541705176716845,0.00017296329322570613,0.001708972200369074
5.016138580853948,-0.44502016953622403,0.0001742165065839925,0.003063358807635803
11.090533926890428,-0.45198114496538344,0.00010624979441340978,0.0017562878011919564
11.622687007679446,-0.45248873509266885,0.00012891013930579288,0.001676884386784079
15.993667087125855,-0.4552674683258731,0.00012028069869671808,0.001695637723223745
5.604504695578537,-0.44585463033106254,0.00013162454886399773,0.0025555080618962452
19.79056338439411,-0.4572200551616933,9.789502944645738e-5,0.002127305258277496
7.668407372073116,-0.4484944667499869,0.00033422910815929203,0.002622655571307416
11.016741966850946,-0.4518472822812161,0.00010754656053405039,0.0017881865301314732
1.6023526748346477,-0.4368731861095013,0.0002298900528422527,0.008827155054529679
12.878125065224582,-0.4532301727605924,0.00019019522387834034,0.0018168178630702909
12.039379097949533,-0.4525953916578047,5.79251958711226e-5,0.0017445591598429407
9.454883751459173,-0.45068837463286876,9.666488746105122e-5,0.0018059792878384446
10.190791196315573,-0.45119402880894416,0.0001070111336987245,0.001878752130158265
9.91781980269977,-0.45099869326565684,7.572516518882725e-5,0.0018148783345224753
16.881695800129876,-0.4556667398806205,8.658174442314081e-5,0.0016457325847849364
11.355486947929547,-0.452163336623463,8.080640651238177e-5,0.001796772090817272
17.052342385276727,-0.4558856920589308,7.819561241563732e-5,0.0014278905316784535
13.832787836930507,-0.45419710566613447,0.00016352773686894182,0.001711044791432595
14.085632491051165,-0.4540067447226528,0.00017471902261250642,0.0016022130963094395
18.67472653754461,-0.45659001959382073,0.00012970076691263977,0.0018058316406297085
14.855967715564534,-0.45468941258849244,0.00020414210846335322,0.0016677188319914982
4.454347247676802,-0.4443884354204995,0.0001410137065348424,0.0031624124627379047
2.9016100321411824,-0.44091714762390155,0.00012488115105294188,0.0032574713822522043
13.734382376645586,-0.4538495120335906,8.464770465393971e-5,0.0014638883014219462
10.267782073247087,-0.4512680952344815,0.00014982043161527054,0.0018671428908373883
4.990815995511329,-0.44521681731346113,0.00014505814902769065,0.002921084043734519
18.06454300867139,-0.45630057289153014,8.433504673662683e-5,0.0016107453413099953
1.139514871787871,-0.4340056382840886,0.0006767944442503535,0.018732423848784624
9.393122610352286,-0.45027110576460055,7.289507919613362e-5,0.0018609276497385903
1.0159269786441216,-0.4335568828532571,0.0008514760277885931,0.023285925070297333
8.420545634823812,-0.44944102785258894,0.0003037887763803217,0.0019220102920215413
11.362590520395193,-0.4519405711949391,0.00039085306811749584,0.001824292450817604
9.823445570407294,-0.4509675426002401,0.00017168274928221555,0.0019069641485626695
5.768366197349185,-0.4462094742229619,0.00011954737202834591,0.00252810037837761
11.638095693408264,-0.45227628638828676,0.00010400090184614713,0.0018090833634129351
17.737576765282594,-0.4563280029248874,0.00021525711861429962,0.0016917480067162756
17.235163117494324,-0.4559209011527755,0.00012768098155134468,0.001691055379038081
16.316741617715415,-0.45555321477555,6.290258621430316e-5,0.0016447211530536791
17.424496638198555,-0.45610624476660544,0.00011340194314744561,0.001545446597639837
4.091022854501055,-0.44330023515806893,0.00015879868314708475,0.0032279291051217802
1.9028599262878652,-0.43815587488876334,0.0001401106343498536,0.005823789547731726
6.600110861845207,-0.4473197831288162,0.0001444944877313931,0.002522772178600063
2.3094111078317656,-0.4396009566312194,0.0001381193184671561,0.004136882241149312
1.6494453405170826,-0.43680211452098466,0.000301811357952266,0.0076395952133862565
14.915833056290495,-0.45469951332991504,0.00015084414212711037,0.0016459968883415106
9.541690671973182,-0.450562536495199,8.143094923639893e-5,0.001706215610277059
9.261924217626529,-0.450715861384537,0.0001967688860932028,0.0017846967531310893
