1.6819476446677983,-0.43752450689608785,0.00031726676783511295,0.006122230735723189
7.0237401130360055,-0.4480567330304025,0.00010359073795826153,0.0019594607342586392
3.4805641101737956,-0.4426591387107824,9.291837471538346e-5,0.003618453427610921
15.378205649744421,-0.45497991358486634,8.962242817276153e-5,0.0018728006109717148
9.368104081790946,-0.45047074527049125,9.456918401632583e-5,0.0018123733808260427
9.071570254416637,-0.4502731227222652,5.414782288966351e-5,0.0018345100586044747
1.793616099142541,-0.438168166720453,0.0002302041814169258,0.005868074752439318
19.804501497927756,-0.4572027126035239,0.0001032486055415275,0.002864319208587276
16.424915061762103,-0.45556156731520336,7.987521071471169e-5,0.0020186172851270373
15.168837280526207,-0.4549905625795692,8.201734266125444e-5,0.0017952867428612405
16.27609693193249,-0.45544201420110136,0.00014796210315532474,0.001862930546785434
13.698533634582878,-0.45380223402410513,0.00012172332614009906,0.0019731092570188526
18.87070164734939,-0.45678772526301253,0.00012360825626968534,0.0026169262032958974
9.888061087926378,-0.4511555676105698,5.878965562985539e-5,0.001793125337720481
8.116779074474683,-0.4494970186698158,9.641641686199222e-5,0.0018208621472214556
7.432644541711475,-0.44865127392463966,0.00010736083743614924,0.001983041703618072
17.15433674385644,-0.45603300800604235,7.707783402796614e-5,0.0020738302102873136
16.50063882100065,-0.4556026587611264,0.00013804065422438013,0.0018855188490423107
3.6028858197741016,-0.44259363269745605,0.0002289416906478084,0.003526975498455831
18.670178447245757,-0.45674459581027266,0.00010776879792269058,0.002523684949858183
7.042108202850001,-0.4482566243415542,8.54991699464841e-5,0.0018869299963587285
15.464056905635541,-0.4554116223550468,0.0003255962189576661,0.0016445680755687413
19.05671359193406,-0.45684510739619394,0.00010772357409930249,0.0024584172592533727
4.15889280936984,-0.4439337644923067,0.00014505851769923395,0.0030328038936594227
15.929344729196002,-0.45550289893254564,0.00012187143239173803,0.0018336970982541039
17.018919123428244,-0.4560413201906216,0.0001094543006040765,0.0020544507664708262
12.231084441243906,-0.4529813037977263,9.919808955331781e-5,0.0017625064206046868
12.47393112082789,-0.4531244399312004,0.00024795765064370925,0.0018990827418109892
12.718938190430354,-0.4534684065541242,4.410691733004588e-5,0.001701570901388401
7.780629681295172,-0.44908743437839993,7.975019289079002e-5,0.0018499267310316163
2.242275541975431,-0.43979006862902514,0.00018454960053944632,0.004331185395562806
7.716520739326095,-0.4489832922720121,6.223499299240025e-5,0.001844231576572341
2.6260725334580126,-0.44070392528843877,0.0001959342736933747,0.0039308016705997765
9.388612179704499,-0.45072620905758315,0.00013138719731126214,0.0018811060695574026
11.590491835198055,-0.4525439832868761,9.915695315066844e-5,0.0017744231454285833
11.349687339224023,-0.45243571126924415,8.277937975859568e-5,0.0017166502840187518
14.976702571985884,-0.45462323962050505,0.00010536183691431508,0.0019273869787177836
6.274044461149629,-0.44722637581176766,7.851938223454383e-5,0.0020957828599780346
12.681261494232734,-0.4532605962559715,0.000265390277286804,0.001866260873327775
9.125134700209285,-0.4506341601285272,0.00016761082236898815,0.0018774816521279789
2.6926321524532586,-0.4409630437111639,0.000173134012525625,0.0038927627463646365
2.0351620594891218,-0.43897648377425497,0.00014205491581095243,0.00468687674884494
15.41937212714122,-0.45476356380396554,6.626816464299915e-5,0.0018858094509444528
11.817019663791514,-0.45281794026993466,0.00025834395281394316,0.0017276811653032173
13.070129986453917,-0.4537156156164719,8.857649852746074e-5,0.0018593411225330905
16.97071209611731,-0.455814022006104,0.00010336186309763054,0.001975394327737092
2.1519357713021465,-0.43933079019030213,0.00024339151689864918,0.004231006552827309
10.740903756078103,-0.4518750431382731,9.306328208882958e-5,0.0017771302515670895
4.888515527826198,-0.44528829652590285,0.00012145153152011698,0.0026232981904479634
6.079349421237797,-0.4471470589784406,0.00012405400803377692,0.0020304078772108362
9.232153419448988,-0.4505211226351167,6.872516766346336e-5,0.0017916596677296198
7.027093848330007,-0.4482761887271375,9.563969877430175e-5,0.0018933286860303028
10.676499517627029,-0.45166652967592036,0.00010929801111177846,0.0018556317902276214
8.107414226072361,-0.44957313301733276,0.00012094485947899939,0.001712045391387606
9.819352349131467,-0.45126475007009076,0.00012568538808899868,0.0016963047896635002
1.2262405726414936,-0.43575471432314816,0.0003536746485378422,0.01020957115598713
8.313911208131572,-0.4497396934184789,9.739363370062508e-5,0.0017792487263333097
9.601481165323456,-0.45087112351145137,9.741863293773953e-5,0.0018681287842999687
14.770806817340683,-0.45464754032311994,0.00014239949420815864,0.0017616664272618412
14.494539177891886,-0.4544433334310973,0.0001211874660083664,0.001900074248808032
12.8544514864868,-0.4534365531406922,0.0001322844515814132,0.0018756506226198233
16.32427150917715,-0.4555977532837135,0.00012394146191335498,0.001956606433483236
3.5582896158098594,-0.44239940620524926,0.00029721545051372656,0.0033836245160775444
2.8459602786061007,-0.44133403294478823,0.0001481927524525749,0.0040088359539524185
9.41891579349851,-0.45065868317296187,0.0002689110317595386,0.001755485798973562
11.863724115075685,-0.45267844059060397,7.658342790727246e-5,0.001761428867382657
4.725827723662418,-0.44508832787204317,6.342156893331137e-5,0.0026123338904468557
5.622160245286043,-0.44624274028603245,0.00015237836504741208,0.002253187255983493
17.675479082216597,-0.4561543610022711,8.90953429589908e-5,0.002413759306317714
7.6156054383686165,-0.4488979532453498,7.360765652395631e-5,0.0019199934822554455
17.580988103157814,-0.4562870582409228,0.0002617613781923386,0.002070587480535984
3.137753827657169,-0.4418122693593542,0.00014935451133836692,0.003545092614638962
3.418623131991832,-0.4424058116312088,0.00011069804230650829,0.003729309181922534
6.456284910675503,-0.4475345463753845,8.001009386024738e-5,0.0019484219220586051
4.48192399722891,-0.4445100828577673,0.00010969581426082618,0.0032281062177111266
7.29283536972264,-0.4484687073498141,0.00011650576324146158,0.0018829702555673484
10.630341871890176,-0.4519225367101037,0.00020058394254897417,0.0018585550133276272
19.2504931652202,-0.4569237183194112,0.0002844020210831865,0.0029092114466202934
8.897011403728644,-0.4503145771152627,8.672605728025015e-5,0.0017899662329094969
1.8987652893404319,-0.4384558453181999,0.0002292681323746576,0.00515280803517785
1.8267104574051334,-0.4385828062411719,0.00034804741121469916,0.005743083242290558
11.798895138765616,-0.4527604555664179,0.00010457015599992126,0.0017044351417140283
15.432877048014797,-0.45518072846031093,0.00018246869607460508,0.0016885669814473171
1.6486898738672695,-0.4375235318477281,0.00029598730929495,0.006806113069205532
12.629790297221714,-0.45327274342409296,8.680300779124722e-5,0.0018303340943723195
11.175118634932886,-0.45236193518913576,8.669673939968292e-5,0.0017201367470298147
17.15775105017498,-0.45607529848627537,9.153697567346585e-5,0.002118609927346577
15.502441193145485,-0.455251078366557,7.08680609160704e-5,0.0017781664073841302
3.333273157123071,-0.44206324678500725,0.0002119024979318682,0.003758106410680512
18.267635559501265,-0.45595704636162765,0.00020797808901476194,0.0025634647877303346
4.623661531607144,-0.44488631538083345,0.00016875913288871036,0.0028286500668024566
18.72516655001195,-0.456561605346199,0.00014680932371052746,0.002465771079331253
16.72501417266966,-0.45575849225456344,0.00012003123901311795,0.0019497705692491849
15.814740923225136,-0.45538615653894626,0.00010931851716708582,0.0017142481423178665
7.480362918544133,-0.44889148756756475,9.172122264831793e-5,0.001828370377801115
19.84820320226959,-0.4569235137442733,0.000177092727214841,0.002761549788839416
9.982285319221244,-0.4511188995593933,0.00016416886263194883,0.0018552872777769687
17.752068639151744,-0.45633230213277926,0.00013710314536578952,0.0024226165409999387
9.82446418836805,-0.4513021058026512,0.00018394423051073348,0.0017182899388225677
6.717065590178848,-0.44787268709674743,9.259770969728356e-5,0.0018596329521997294
17.157099672536944,-0.455861519167151,0.00010374586051774907,0.0021126523135618696
1.4336238434924211,-0.43687593580031125,0.00025902647766708154,0.007773161980833272
12.064827657134762,-0.4528602187483839,0.0001439659402024165,0.0019063991186204644
9.409313700996261,-0.4507363579121381,6.33215731007472e-5,0.001845559314482232
10.631305321962834,-0.4517457791354371,0.000135678800380811,0.0017585446662477877
2.7656365431891876,-0.4410405236173536,7.517616173519242e-5,0.003929848676916821
1.4996146542955218,-0.43702344275909444,0.00026778754091633095,0.007251964988991897
3.3605801305875973,-0.44243923525237117,0.00012356564959401488,0.003700637434411826
10.92779969862804,-0.45213268164128206,7.307756611548302e-5,0.0016435993022070325
17.272626549894692,-0.4561010640612606,0.00018864039153693523,0.0021926699779341386
12.38634966432983,-0.45316451309133277,0.00021120649799841933,0.0018492425723687696
18.630125298614114,-0.456431139943508,0.00010735575096457236,0.002531489774629432
7.272885465260357,-0.44864336290159756,0.0001148531894199314,0.0018392459211533387
10.850302436996852,-0.45185465216000753,0.00011204633004878856,0.0018926050758166632
3.7207474244790104,-0.44314979394035636,0.00016352352289188184,0.00333247408618326
18.649573529388032,-0.4566049101996003,0.00011435064834004318,0.0026225993605406457
14.863438968210613,-0.45485610945878263,6.783975755697855e-5,0.0016860661994431963
8.11612003304825,-0.4493659584376576,8.87530236480221e-5,0.0018805310494370005
15.115555624671362,-0.4550293589521652,9.202301385179465e-5,0.0018446693280995807
15.945646145637879,-0.45533318038734333,0.00019087406409491788,0.0019852863115452156
1.6746203582674704,-0.4375322610634015,0.0003122461110020086,0.006359659817951552
1.3360145363301177,-0.43654821828950013,0.0003598236937467218,0.0089968204328576
8.489716665236415,-0.44986146775766195,0.0001093610650885118,0.0016964484994327913
5.795386942202925,-0.4465566800319003,0.00010872307348262806,0.0022022727799210907
1.4216362466820796,-0.4365994789463539,0.0002511753328817795,0.007962619102057315
5.262105866412707,-0.4458470489223318,6.256886064742587e-5,0.002461220652522975
13.93891545824888,-0.45421315217877734,8.694514483249887e-5,0.0017918265604909037
6.2316225116893875,-0.4470684184895318,0.0002345151163284367,0.002075907681534798
1.6744285978682751,-0.43768663978776046,0.0003329103332335379,0.005824464168433714
5.866476259500676,-0.4466589050309521,8.475548596531729e-5,0.002162196491314968
14.261269936377799,-0.45447765884472474,0.0001550972632768982,0.001768660153577193
8.211575072092451,-0.44964807772131626,0.000126575454498256,0.0018139118486200127
2.7114926178473344,-0.44096904779686535,0.00020154053360530778,0.003975862513985981
3.5013496626388187,-0.44277315956664015,0.00015707625038641917,0.0035014267256533354
18.382331817055654,-0.45643326059738226,7.924023548954912e-5,0.002583461981526172
4.608415109315056,-0.4448493248590395,0.00010802130993712597,0.0027559134384628316
4.244796328850285,-0.44424182639469684,0.00010193266009378477,0.0029785460746304584
18.180603336529007,-0.45656272549883464,0.00024368174348081745,0.0023420312939179204
10.299550696969476,-0.4514271135995553,0.00014073574649621772,0.0017488086248776292
15.227699058532828,-0.45500288704170055,0.0001468717553263222,0.0018826572507684425
8.887255173652733,-0.45024334634102675,9.301763718071693e-5,0.0017768064198035703
13.553848713823223,-0.4537047243520427,9.981195920995418e-5,0.0018941934915733287
9.924958114888838,-0.45120889448115137,0.00015160259754599625,0.0018397551751557254
1.7717691252178285,-0.4380414840900431,0.00016938175453555927,0.005881560441286947
1.4517795017005106,-0.43728183115613406,0.0002875527548947206,0.008075446550204098
1.7320962921292813,-0.43779797449396995,0.00034930858979106126,0.006014786546114968
10.691971428597704,-0.4519638136394995,0.00013963702929318072,0.0016522878156710302
2.8916665429671013,-0.4412655702079472,0.00016409527091232454,0.003865471809694868
4.346482326396176,-0.44437882701585774,8.304844132582814e-5,0.0030529173970025164
4.225449120585434,-0.44400342689667605,0.0001112564319818715,0.003000067905573687
7.1474883015508714,-0.44838764341784576,0.0002266385311758402,0.0017133848148476953
10.05600793241461,-0.45136929503920775,0.00014333750300726336,0.0016533830099662572
16.091288189244615,-0.455459067364868,0.0001012004862339646,0.001860217499870939
12.312177489905272,-0.4530055938389,0.0001284748999043664,0.0017627853723591524
4.880157283404131,-0.4451013415748541,0.00011592750640049996,0.002685850634126783
7.174270443412733,-0.4485108320890474,8.764573861092804e-5,0.0018950342422724316
10.406865499877158,-0.45181667627281547,7.770412703557166e-5,0.0016312254405625158
1.1113367913198975,-0.43527369677266825,0.000457583746639956,0.012048082537200563
11.602348747637969,-0.4524401814024135,0.00018389879466072548,0.00172951572381119
19.469593786028653,-0.4569312604996006,0.0001757392342217067,0.002643955664240849
13.777352033090146,-0.4540600656254455,0.00015085998408707494,0.0017795429481240717
9.27940952233702,-0.4507321351561856,0.00012141598366299664,0.0016573651248857995
18.027017355532237,-0.4564399510413429,0.0001927372867570731,0.00240209350003944
3.6270996347585247,-0.4428524069663342,0.00011210914609552388,0.0035973509295437805
6.65969577275569,-0.4477516725751324,8.940186104815284e-5,0.0019968076848838677
16.485481667700455,-0.4557717122673027,0.00011118603460581069,0.0018601467525542032
15.972554215586268,-0.455425904722632,0.00015432051470194637,0.0018570326722249792
6.869960810118382,-0.44788302596579244,0.00013255120174784934,0.0021258045970253526
13.629697292811313,-0.4541645001848127,0.00011342147895466155,0.0018707864118043312
17.33159792822499,-0.45611230755913795,8.804184361421668e-5,0.0021608266604209807
19.013053868208956,-0.456632537335493,0.00013839748939290945,0.0027014796412783014
14.505739181821875,-0.454537438494386,0.0001375306609527464,0.0017835405825481388
18.640534014420407,-0.45684110203515327,0.00013999841284821483,0.00248770997623443
11.765022729653545,-0.4525549749303416,0.00010770385222164256,0.0019181845796684249
16.687535446311674,-0.45554163005722215,9.833173387176198e-5,0.001989708987540142
12.513486276673245,-0.4534257585190613,0.000122547070624838,0.0017261843681681496
19.078711086572245,-0.4566036005035561,0.00021843189629873073,0.0026467664766558316
10.764694502482223,-0.45176389522529026,6.269239530516317e-5,0.0018453337758078223
15.611153609053126,-0.4555305572728203,0.0003456204099478951,0.0019268389254777664
18.32197560566632,-0.45699784277408745,0.00034300767900002465,0.0024630430544958356
18.335351164933652,-0.456538257306209,0.00016939994361312525,0.002534693344668453
12.531208812437121,-0.4531713855482627,0.00017227228439408958,0.0017691630910451031
19.876959532597247,-0.4566299857215858,0.00017885560239194536,0.0027179334689591706
12.945945668347566,-0.4536055841411029,8.903803008005906e-5,0.001855133854040655
9.235235291668621,-0.45070673823124296,6.662972751198513e-5,0.0017446974997744195
3.441866274854516,-0.44247666184317996,0.00023398013917353224,0.003918690110792808
15.499442262159153,-0.45513223534347624,0.00012502370625852056,0.0018070086616775185
9.257588943213731,-0.4505621993475228,0.00013994611000229905,0.001872938428435904
16.145928254009103,-0.4555889964365925,0.00017058434308914305,0.0017865022560221223
8.905437847071543,-0.4502093001732595,6.868887077502316e-5,0.0018720938304516111
2.6019321382428506,-0.4406483405892428,0.00019550336189859204,0.003937248922562346
2.6668755908393846,-0.44075424289745,0.0001422054776130915,0.004082645242954894
16.37903590606083,-0.4556453559743508,0.00018943777702610363,0.0019110438014189087
17.710225472518314,-0.4562314521758913,0.000133013552541733,0.002232376670504044
6.472610258203287,-0.4476534859231544,9.460215414368542e-5,0.001971971037750021
11.655203688290303,-0.4525696927376593,9.189672770292114e-5,0.0017957613002357721
18.667195025597533,-0.4567136125851066,0.0001335388126428701,0.0025528480415678073
10.359495553759078,-0.45156214170578923,0.00010135952161219486,0.0017893560260233833
18.1858690561643,-0.4562319949858932,0.00020428521194694783,0.002800597800568892
10.606743114976243,-0.4521603677475018,0.00023787367238948837,0.0015882024601570877
9.46907520989511,-0.4506570583321067,0.00014016741058770664,0.0018343201277099667
2.8519169068459744,-0.44150498915337993,8.465991847401984e-5,0.003659877771946034
18.577056664160963,-0.45654609431824555,0.00020061477174230556,0.0025933061337254544
13.675192090124549,-0.45398763739381515,8.425808721415584e-5,0.0018278745524082723
13.957889490235424,-0.4541649697318723,0.0001415446152699605,0.0019508742129577495
17.55257811400415,-0.4559298118876462,0.00011786638211205234,0.0022666305853734125
15.55713318369975,-0.45496643381493285,0.00012742763260672641,0.001964598907629213
15.950213252476672,-0.4555824656529956,0.00018838995154837348,0.0016712277234763827
8.416820428551675,-0.44994732654517666,0.00017962874324570216,0.0018768486650849667
19.96305871707521,-0.4571099932078939,0.0002924595880628164,0.0029843712946727944
19.67801402532012,-0.45679272947498256,0.0001357428152655042,0.002611412006011654
19.524905658591685,-0.4568870971737333,7.798639503238485e-5,0.002709143138932346
3.020858488181592,-0.44163758437478,0.00017840904022736165,0.00381531826966124
1.9598986308882071,-0.43881709019051773,0.00016533826960168671,0.0051419468322467686
2.0183605915878426,-0.43899915969644043,0.00016007908067215115,0.0050913247175635055
9.125567419714569,-0.45057144374167174,0.00010813014661176549,0.0018385184031311948
16.08180800634493,-0.45548519301560064,0.00010089640639578914,0.001794067499606554
1.8801751999925491,-0.43876087739667075,0.000442567006050852,0.00541754429230498
2.9980946436300213,-0.4413442007620297,0.00022743941454893862,0.0042812508537198425
19.86697206634071,-0.4568350321484128,6.806941296726862e-5,0.003010610815862203
6.836122601786755,-0.44779981245765293,0.00010211148624087948,0.001944157114879535
2.898328206882012,-0.44143212838645923,0.0001632401197321585,0.003870714052553217
5.366564285303468,-0.4460414764701652,9.187262184732948e-5,0.0023570733911772845
15.575574119843854,-0.4551412353245808,7.052874892129e-5,0.0017591947531260686
16.665719394079765,-0.455939959092807,0.00011181425257947736,0.0018400211617357423
3.776714282306676,-0.4432579243500401,8.564932196996849e-5,0.003295730991350254
19.585252567497463,-0.45673863640636625,0.000496735407086451,0.0029216810460276645
3.679552300694748,-0.44288126820007173,9.510615066297532e-5,0.0033115461290220936
19.518287860603294,-0.45669763426990856,0.00028073488585056503,0.0026833686230805886
1.3988521791955735,-0.43647567311698965,0.00021618662961983087,0.008290726404832536
6.673469863891033,-0.44792912681922736,8.353623934393792e-5,0.001883221454494469
18.607536486606506,-0.4564405408364358,0.00011646025779007295,0.002794930115644646
7.347895578712313,-0.448415604151166,0.0002169845483259974,0.0018203860563181305
19.341189747483753,-0.456994774115872,0.0001918742994436605,0.002713368410692163
12.980760103627723,-0.4535860404826964,9.544230208498386e-5,0.0017663410994694922
15.191145624616071,-0.4550393947927115,7.076419729571278e-5,0.0017033819954842876
10.854172786340483,-0.45177691231794115,0.00013535744357558296,0.0019139463864943967
2.029726353376665,-0.43906427994380876,0.00015619149502209254,0.004859362347957723
1.4718046001442702,-0.437492650446433,0.00045512647085212707,0.00717431044854479
9.872746915286264,-0.4511360662465545,0.00010707942073610009,0.0017179251593158998
11.40052466711773,-0.45243988978662003,0.00010186121198078718,0.001768126243856374
18.87272743546909,-0.4564876556487786,0.00026767730553070145,0.002838416205177488
2.07890231755994,-0.4391945549686311,0.00014989844273908046,0.004723310805584191
13.896119164404208,-0.4540420100043597,8.754140060285771e-5,0.0018066332092903656
4.25667039686205,-0.4439895317726445,0.00014831851553697881,0.0029370582086340065
17.85062002117248,-0.4564193394024043,0.00013419841014572213,0.002147400096587113
1.59914161995989,-0.43749146616155443,0.00020436417479340022,0.006728605893952403
14.267208007925682,-0.4544336131719348,0.00018678055244420017,0.0018350244217789655
17.27545239221546,-0.45590653597010355,0.00020899685220459395,0.0019173899378257927
4.707295980207321,-0.4446951964368488,0.00017578090207839492,0.0026575771614172914
17.73224693914243,-0.4560394584663059,0.00013566992451289128,0.002293925313980023
3.0365648495200706,-0.4419096036871573,0.00021936252049957009,0.0039054065830619942
14.762495079004118,-0.4546583295515391,9.610622792008589e-5,0.001882282999175372
16.080437056008137,-0.4553604417929766,7.479850206434326e-5,0.001960535065282808
1.7728286022652109,-0.43811417980355055,0.00018486175087197295,0.005802557276215598
10.201658964368958,-0.4515492917799622,7.492335268276331e-5,0.0016904743166220254
19.356528081370485,-0.45658527251270953,0.0003134084626621494,0.0027470864537905825
8.123480274508372,-0.4495167382952075,9.248261484346245e-5,0.00176182711687831
14.002741405924041,-0.4542406064159349,8.379845839267606e-5,0.0017535241910935917
16.366031705625154,-0.4555822047052344,0.00015166917747014953,0.0018285600159678244
13.08571755050527,-0.4534935094376232,0.0001173360119409871,0.0018531862465189408
2.6598836438814835,-0.4406334776444083,0.00014417727118151347,0.004115533773058503
6.038190198447047,-0.44716532796964964,7.554990931085051e-5,0.0019991649805238243
12.505681121357053,-0.45337938182857723,0.0001701721525715581,0.0015715402896249024
8.863995869587015,-0.45024221706660095,0.00010297308138263273,0.0017816158460028642
10.78609823326724,-0.4521809034632451,0.00022177224727408358,0.00165441366047809
14.423651736780403,-0.45423394673600204,0.00019587643539484653,0.0018960191997924585
4.622357212368032,-0.44470715416601164,0.00024218065060600607,0.0030069319275380793
13.325776569197979,-0.4535797258681652,0.00016101551460133241,0.0019646868714448297
12.295031121252336,-0.45296295152594546,9.215866917029792e-5,0.0018844980535836324
5.015822432764554,-0.44542375469030226,0.00017498353511360558,0.0023485173770215594
5.87203973789978,-0.4467627813469384,0.00013322983995014682,0.0021966038993364917
3.2228527969394083,-0.44197696992207947,0.0001463638715028472,0.0035915104830647987
17.42805120436471,-0.4562214301376589,0.00015224069491607278,0.0020381166912566686
15.214617728117256,-0.45510803562586083,0.00010166749877531658,0.0016424653355796603
1.6432727395140432,-0.4378356437550251,0.0002010875880573914,0.006305019954122193
16.256637009233092,-0.4557848961370164,0.0001342303493938547,0.0017547128286660124
1.1870504862667,-0.43538355032029924,0.000437668876250234,0.010566652237060872
8.46506423532104,-0.4497064581230878,0.00018869260557964596,0.0017256688791150775
3.1354143149639264,-0.4415728440882239,0.0002800816530145245,0.003974471146399565
11.026987894716289,-0.4521560984393661,0.00010864415446677417,0.001761722965014609
13.062064927160227,-0.45356903368779244,0.0001762394746113164,0.001763616901306819
16.545471074158833,-0.4555654011690073,0.00014976409570864642,0.002017596173292321
17.024993282743417,-0.4556620337932148,0.0003703344559169171,0.002087616958646017
10.657936822164277,-0.45168690339505524,0.00012804274388448486,0.0018046234313563753
16.13910977100844,-0.45546520733102114,0.00011141353250556702,0.0018869679185887997
4.83573833223101,-0.44508222425056804,0.0001488022482426558,0.00269876542614456
19.080145402111192,-0.45677219289174964,0.0001789161706661896,0.0026371080843495638
11.530934045193568,-0.4525580014274608,8.224287088944159e-5,0.0016968799390036534
1.2045874628497255,-0.4352108389294318,0.0006901713662625476,0.009885760532811778
16.629759690929824,-0.4559284297960038,0.00011168208458495718,0.0018298418752236865
4.887509148732292,-0.44529538739513336,0.0001719400940010733,0.0025979750265826404
13.224205927148047,-0.45375215611067343,0.00013674338074332726,0.0018656442015171763
17.84589156350308,-0.45633770256703665,0.00018378190144215537,0.0024036440936120876
12.882784741281995,-0.4535196197622583,0.00016022804517241843,0.0018418641435526857
6.746312208939845,-0.4478609889224032,7.119296375651029e-5,0.001965019315057108
11.003279342245131,-0.4521577038339049,0.00013711813904922402,0.001743478360547518
19.498979524400955,-0.4570181747708169,0.00013530809332961633,0.002728453888934355
6.8318638475021665,-0.44789353630235107,0.000125867840345502,0.0018876370180890654
9.323953828092602,-0.4507119792355945,0.0001242992633978332,0.001830896008760217
19.34901836111042,-0.45675248934518525,0.0002891649569390528,0.0030483672951646594
15.733069189806912,-0.4552548378037793,0.0001099987909975212,0.001866288343146878
18.13694014174765,-0.4559463006932395,0.00025624346734108875,0.002565573051269302
6.673459121215066,-0.44782221393121024,9.860819779702899e-5,0.0018449244002383244
14.678852987522887,-0.45463443574933143,7.45638778726809e-5,0.0017698967580115211
13.102573630525187,-0.45354749239345105,7.582172474754638e-5,0.0018635373927281503
7.253740985930198,-0.44839512663249353,0.0001060536717247942,0.0020904748014165444
17.823806112112933,-0.45604591327684035,0.00017370238486745005,0.0024938063997036555
6.875493044971658,-0.4482052673128484,0.00011646061969817826,0.001775925326078801
13.873289908363557,-0.45423340893393827,0.0001373752195945765,0.001706086814177863
9.694758595641552,-0.45101813636600263,6.197878264149612e-5,0.0017490031722978265
13.793432048180797,-0.45410932410639665,7.290271359911857e-5,0.0018202698909798231
16.53890035974279,-0.45598132456354185,9.79329145477598e-5,0.0017540619080339253
4.8102020650254005,-0.4451121410861058,0.00019437603157929027,0.0026801778016054384
16.443821647840835,-0.4555315644897973,0.0001334581965721234,0.0018425285190216767
8.319522652680273,-0.4499120217533497,0.00039238445678263766,0.0019724003226245833
9.428272095985479,-0.45087654916364034,8.301786623772074e-5,0.0017940503394782532
4.667580411802669,-0.4448251313780607,0.00016734260481118552,0.002888659342282184
18.73757746521487,-0.4566718160943284,0.00023549992518407222,0.0030245603474996865
1.312060828690041,-0.43618705183067613,0.00038535792704986896,0.009482085715011739
5.3546212541630345,-0.4462049687109796,0.00012301885465405265,0.0022773998317793982
5.540111469192359,-0.44626717284891104,8.759786555646719e-5,0.0022409616602640085
14.0960660070243,-0.4545118276323923,0.00012766024732816333,0.0016943974167549201
13.899883256884504,-0.4541297062196959,0.00015498611502301856,0.0019789038278065305
6.651917781643581,-0.44780263205008003,0.0001016473037267392,0.0019925469108536173
18.88671248682998,-0.45646092764455504,0.00017943378012880083,0.002708091969394848
12.621924275649997,-0.45311762772110153,8.203122051889165e-5,0.0018647169710902397
4.196048686022945,-0.44392338053880254,0.00019816489815315463,0.003037205571664244
6.9390634003925395,-0.4480838048454125,8.801690541602143e-5,0.0018986802441993975
2.669754473605602,-0.44102712632029206,0.00016532492124034768,0.003932383044263781
7.406689995073911,-0.4487287371296924,0.00010934150333649596,0.0018846408059817598
9.829049684824165,-0.4511641103992309,0.00010827379106918361,0.0018279446257209193
13.44734961376059,-0.45394135034804295,0.0001304026027863638,0.0017794199727002103
1.909621581605172,-0.43823077370813607,0.00020637324186453625,0.0052122919198791026
11.51777171277212,-0.4524255066877829,0.00019245247854335015,0.0018412381630791234
8.92618265169455,-0.4503766871495238,6.480401524913871e-5,0.0018375606288483879
1.7700373220891474,-0.437909006171852,0.00021165208402912475,0.005766783042188482
10.518276929868401,-0.45170777890263053,0.00012963806327273187,0.0017702827923499601
6.882476467435236,-0.4481042489232159,0.00012168729936305606,0.002062992281469509
2.035883102395726,-0.43897315457851716,0.00019109425265686504,0.0049613817297663385
16.883752385744422,-0.45606883567577794,0.0002107074642550743,0.0017784030577024583
15.787316618897071,-0.4552140584567744,0.00016102867347814607,0.0018863912927944949
7.919200382232129,-0.4493458437502828,6.963556317022491e-5,0.0018153811411768615
7.448571455878241,-0.4485835198685424,0.00011777449091781313,0.0019411153995327827
18.959776965627977,-0.45645147026160693,0.0002047048403737986,0.00287524519528999
11.092915971122387,-0.4521013123678939,7.366984200952619e-5,0.0018166463688194692
5.5117596664640445,-0.4462854870397986,0.00010833397010858729,0.00222836242253838
10.108427790907466,-0.45119733256884015,0.0001215134995458825,0.0017921601111490534
19.56784507930833,-0.4570189948807547,0.00010732189831414854,0.0028711239872551476
16.500750581639977,-0.4556906103942008,6.897351024914577e-5,0.001766289721279553
6.025639931764694,-0.446896649024546,6.62268545609826e-5,0.002132654818290967
15.931515081690524,-0.455502273933779,9.101305613959818e-5,0.0017548636229261074
5.211087539494205,-0.44572951574051173,7.54118586626381e-5,0.00236216016982158
17.991754212585047,-0.4564452809071632,0.00011981943584096495,0.00240467807378578
15.70271337821473,-0.4551742483943745,9.752468253773412e-5,0.0017966477471310768
19.744384597458964,-0.457249978344879,0.0001749329879619571,0.0026944076256802665
1.1196433477925607,-0.4348249110722014,0.000613613303966975,0.011954710930112923
17.811872833309067,-0.4562345220995163,0.0001396582745828521,0.002282701898846425
5.08559498240311,-0.44550621107119226,0.0001352749352581754,0.002551073730571815
1.1615066975481039,-0.435290513274691,0.00041752978756773095,0.01134939975010976
12.310938241348646,-0.4531360590639092,0.00011593448122284516,0.0018057997035477893
14.157142199102186,-0.4544118531664748,6.875495980768987e-5,0.001724104727979634
3.2946098178494916,-0.4420836447835759,0.00016969441320656433,0.0037425048365935516
5.660953768716179,-0.4462561679611166,6.856252324464989e-5,0.0023493758165119344
5.6608960272347435,-0.4462950318706469,0.00013679815438801327,0.0022376575660785114
15.041550819121785,-0.45495878896023767,0.0001409122638988566,0.0017924537680792205
16.82487549179681,-0.4558869274798257,9.274333987102549e-5,0.0019708138600115447
13.396761827622615,-0.45389318142874024,0.00015154827080628738,0.0017324598786030289
18.656002993589997,-0.45665643533024425,0.00014712090797212193,0.0026336871682082473
18.510964128116168,-0.45655853537027985,0.00015471329467552496,0.0025976098560832428
12.781904903141497,-0.4535928868802708,0.00011569929942854104,0.0017040313826679947
2.9243037180253815,-0.4414378639974362,0.00015806420998581722,0.004113544227572534
7.979696939577947,-0.4492618543880942,6.383754428989929e-5,0.0018854950332854608
6.230313570084868,-0.44727749219276364,0.00011720313098530378,0.0018980313274524299
9.984866283210206,-0.4510727065899162,7.538316616075611e-5,0.0018462866660644121
3.957831557793652,-0.44363120472153644,0.00016208869220462355,0.003441943095429483
7.310837475457861,-0.4485845974823311,7.155392859740364e-5,0.0018609202818592554
14.078622906051557,-0.4542333814657325,0.00011043622371530839,0.0017381423946756071
18.8527402895294,-0.45661097683553065,0.00015782529297517854,0.0025334080834202894
12.701159925846746,-0.45339872464612496,5.4029574275908396e-5,0.001798523781725139
14.992275934931842,-0.454977093426065,0.0001094930038854038,0.0017598387880609406
7.137653457231379,-0.44848001986811203,0.00010930649461186417,0.0018151251078312404
14.725016456841303,-0.4547383808593316,0.00011477548741454552,0.0018306739687813873
18.64537177463857,-0.4566637351586591,0.00015183856653432513,0.0026540919255201053
11.397208217213873,-0.45231198226451347,0.00018805434849806764,0.0018632061658358308
18.18520934241899,-0.45646189395142167,7.803047364529835e-5,0.0024122490582923263
17.750508170010708,-0.45629444375128175,0.00012083983780112853,0.002228126534769016
7.596463232733775,-0.44906357640679806,0.0001167740875496064,0.0018739058880661288
9.056045784309326,-0.4504068931306439,9.334377464601878e-5,0.0018359765618630414
18.836396998976717,-0.4569043451643785,0.0001872018136293043,0.002626204429500404
15.166504857613957,-0.45492928180067116,0.0001020159939618707,0.0017838380299745823
6.3976018407509825,-0.4472902610665972,0.00014149700641871376,0.0021189096685645956
10.020540784170992,-0.4513346711007036,5.8153161483354436e-5,0.0016913577564397965
3.093183205432565,-0.4416696377797502,0.0003134826308433731,0.003783826576938836
6.542862983905335,-0.4476922564728455,0.00014567561758252722,0.001871854939326698
6.099405917664804,-0.44711998850004364,0.00012137065901310404,0.0019856899884318183
8.011185254036944,-0.4493554443336954,0.0001096500960943829,0.0018229770719040122
13.45914745999988,-0.4540849701866724,0.00011061974148098225,0.0016571821501047915
16.44066964083418,-0.45569704182880333,0.00018521767068763677,0.0019103700920115188
8.558226796601383,-0.449968809803348,0.00011916933995360705,0.0017211139665685238
